1 7 9570 552 6595 3572 9496 11505 6521 
1 7 6559 9471 3535 9560 11545 3499 6521 
1 4 6521 3499 9456 3522 
1 4 3522 9375 526 6377 
1 3 6377 3271 3326 
1 9 587 6570 6469 495 6535 9509 405 3395 6377 
1 6 6521 375 11219 9294 9320 9347 
1 3 9320 11331 6389 
1 4 6282 3207 11444 6521 
1 4 6570 529 6444 6488 
1 5 9517 3530 6568 589 6488 
1 5 9503 549 3558 11560 6488 
1 5 11544 9416 11404 9441 3535 
1 5 692 3705 6540 561 11544 
1 4 11666 6690 9648 13575 
1 4 11666 3700 6720 9676 
1 5 11666 6739 3718 557 3569 
1 3 6418 6440 11542 
1 5 11542 9429 583 3553 3569 
1 3 3569 11511 6576 
1 5 583 421 3414 3583 9567 
1 3 11531 11547 11560 
1 5 6560 6598 516 13661 11519 
1 2 13661 13081 
1 4 6560 13659 6446 575 
1 3 11516 3629 11531 
1 4 587 3547 3488 6583 
1 3 11519 6537 3488 
1 4 564 6513 11402 526 
1 4 564 6549 3397 6488 
1 5 11360 241 11264 11233 6535 
1 4 9347 6298 6263 6377 
1 4 3326 6349 6325 9347 
1 3 11360 241 3326 
1 4 3532 11478 3473 9496 
1 4 11467 9457 6512 9570 
1 3 9508 493 11515 
1 3 9508 11492 3544 
1 4 11515 17 6558 3532 
1 5 11372 9361 9334 6334 6282 
1 4 11372 11343 9263 362 
1 3 3320 327 6296 
1 4 6296 6360 3337 3288 
1 3 9262 6314 3288 
1 3 3288 11265 6332 
1 4 6332 6402 3380 362 
1 4 3230 6347 3351 3380 
1 3 3544 6259 3230 
1 3 6558 11232 279 
1 4 279 3324 3380 362 
1 5 9508 11428 3586 13611 9427 
1 4 6484 3521 12562 3544 
1 4 3544 524 402 11274 
1 4 11274 11301 3281 3393 
1 3 3393 9274 3320 
1 3 9427 11413 442 
1 3 442 6499 6522 
1 3 6522 9468 11479 
1 4 6522 3434 6431 6460 
1 4 6460 9425 3743 9548 
1 3 11479 491 11427 
1 3 6559 11432 6440 
1 5 6418 9555 3571 571 11544 
1 4 11666 704 11651 9665 
1 5 3675 688 6708 3703 9665 
1 3 3675 11634 673 
1 3 692 11620 673 
1 4 692 11653 6725 6708 
1 5 11612 13210 6673 653 13575 
1 3 11612 11595 6626 
1 3 11584 628 6626 
1 3 6675 9633 673 
1 3 603 3604 11584 
1 4 6889 11816 3924 3943 
1 5 13826 591 6611 11901 3943 
1 5 13826 11564 3601 3592 11581 
1 5 11581 9611 11594 3627 6647 
1 4 6647 11577 11580 3617 
1 6 11580 11586 11583 6634 9602 11887 
1 6 11887 11868 965 949 3908 3937 
1 3 3937 6923 9862 
1 5 9862 13633 11842 922 9833 
1 4 9833 11829 11811 890 
1 4 890 9806 11784 9901 
1 4 9901 9811 11860 940 
1 5 940 9755 6807 9763 10056 
1 4 10056 11810 11746 806 
1 4 806 3889 12473 9893 
1 5 9893 9823 11871 5004 4512 
1 4 4512 12387 10804 10106 
1 5 10106 1600 3795 12046 2097 
1 4 3617 9621 6700 684 
1 4 684 9660 11663 9676 
1 7 11666 9527 6552 11525 11556 9569 11542 
1 4 9611 3654 9646 13575 
1 4 11586 9599 3984 3939 
1 3 9874 9890 11887 
1 3 976 1109 4109 
1 5 4193 7211 7096 3988 4109 
1 3 11965 4078 7096 
1 4 9805 9916 11895 976 
1 4 976 863 6930 3844 
1 3 3844 10163 11818 
1 5 949 13635 907 3882 9874 
1 4 9783 649 9612 9610 
1 5 9610 3796 793 965 949 
1 4 9783 11597 657 9635 
1 3 9862 878 11905 
1 5 907 6886 13634 3526 11818 
1 4 6889 9809 9780 9914 
1 7 819 955 851 3968 9856 9784 11837 
1 5 3968 10027 3901 12066 9990 
1 5 10074 3857 1156 4159 9990 
1 2 4159 4014 
1 5 4014 1009 7147 7059 10074 
1 5 819 9826 923 11882 3910 
1 7 9784 6843 883 6939 3966 3923 923 
1 3 6780 770 9909 
1 4 9909 11891 3772 6788 
1 4 6788 6973 6946 11833 
1 3 3780 3773 6788 
1 4 3780 776 3782 6780 
1 5 6606 11734 3776 773 3780 
1 5 782 6606 9752 6790 3773 
1 4 782 9924 967 925 
1 3 9907 910 11833 
1 3 9907 11889 9924 
1 5 9904 9794 6926 11790 925 
1 5 9904 11751 6862 6875 11833 
1 2 9904 11846 
1 4 782 6793 9582 11584 
1 4 603 3776 773 3780 
1 3 6675 9598 3604 
1 3 3780 9584 9600 
1 3 6780 611 3612 
1 3 9620 9638 663 
1 4 9620 13550 11590 6666 
1 2 11590 3612 
1 4 663 11601 3641 9600 
1 3 6680 6678 9633 
1 5 9517 11486 694 3679 663 
1 3 11531 9575 6583 
1 5 11544 9572 11417 3397 6488 
1 6 3320 9295 11498 9246 9374 265 
1 4 6576 3484 11522 3537 
1 4 9660 9690 6561 3537 
1 6 9660 716 3731 6751 6573 3581 
1 4 684 11646 9656 6682 
1 5 3731 3713 730 11659 3696 
1 3 6573 3565 11691 
1 3 11691 9706 10104 
1 4 6682 646 9606 11592 
1 3 10104 746 11676 
1 3 11691 11536 6460 
1 3 3581 417 11413 
1 5 3537 581 11554 9412 9427 
1 2 9606 614 
1 3 3696 3709 6711 
1 4 9611 3670 9624 11610 
1 4 11610 3680 6703 9660 
1 5 11506 6585 11420 9500 11548 
1 5 9434 11563 6569 9534 11506 
1 5 6449 3579 11535 6599 9434 
1 4 3552 6572 9525 11508 
1 3 11508 9550 3579 
1 3 11465 9510 6536 
1 3 6536 542 3552 
1 3 11465 527 9550 
1 4 11506 9523 9507 512 
1 3 9478 9492 512 
1 3 9478 503 11465 
1 4 9737 11565 9597 6657 
1 4 6657 11600 11616 11465 
1 5 9737 9717 6759 3740 11699 
1 4 11506 11518 11549 13011 
1 4 13011 13665 6545 5291 
1 4 9523 9725 3506 9490 
1 3 9490 3669 3652 
1 4 512 3493 6688 3655 
1 4 620 3626 6651 3655 
1 4 3655 6644 9607 9748 
1 4 11794 648 11628 3669 
1 3 11794 6613 6786 
1 4 6786 11716 9728 11877 
1 4 11877 11849 11834 911 
1 4 6613 3589 6784 3768 
1 5 3768 9736 3961 956 911 
1 4 11877 9898 6960 3946 
1 4 3946 6917 943 6766 
1 4 11699 929 3749 6766 
1 3 9748 3770 6786 
1 4 620 625 11582 9597 
1 4 3652 9658 9505 6545 
1 4 11794 641 6668 3646 
1 4 9503 6529 678 9638 
1 3 11531 549 9503 
1 4 9347 9320 11305 321 
1 3 321 293 268 
1 4 268 3367 375 6521 
1 5 6282 349 3340 9388 321 
1 4 6389 317 11366 332 
1 4 6287 6393 3260 3325 
1 5 3325 3277 6364 6235 394 
1 2 332 3277 
1 4 9279 11376 6120 11160 
1 5 11160 11327 11215 329 299 
1 4 299 3229 11390 11380 
1 4 11380 11082 161 6050 
1 4 6050 9149 3182 11091 
1 4 11091 3045 11147 11040 
1 6 11040 9151 205 130 9088 182 
1 5 9108 6083 9143 11201 6132 
1 3 182 3113 6132 
1 5 11380 9308 9209 6188 3063 
1 4 383 295 3375 3063 
1 3 383 3307 6412 
1 4 6412 9362 6345 9279 
1 3 383 6310 171 
1 4 171 11151 3171 6115 
1 2 6345 6287 
1 4 9296 11176 9096 6151 
1 4 6151 9174 14 6115 
1 4 9296 11367 6176 53 
1 6 122 6145 65 3192 137 53 
1 5 6115 9103 9157 11135 9135 
1 5 9135 9227 11206 6118 3022 
1 5 3022 6038 9132 107 6041 
1 5 6041 6187 3126 3088 3048 
1 4 3048 6071 6214 9126 
1 5 192 3034 3132 38 9126 
1 8 122 3114 3188 6216 6204 3093 6114 11206 
1 5 9783 9919 9902 922 9833 
1 5 9617 3636 3639 637 6652 
1 4 9617 674 11636 6706 
1 4 6706 6729 6747 9716 
1 3 6706 3724 3707 
1 3 3724 9683 6727 
1 3 9617 3663 11619 
1 4 6983 6619 3596 3592 
1 3 391 3314 6336 
1 5 6336 9335 11318 336 11360 
1 4 391 13544 3211 9498 
1 4 13544 11456 6496 6500 
1 4 6500 11562 9522 587 
1 4 6598 11419 3262 9498 
1 5 9914 10245 3884 914 9805 
1 4 3939 3922 6913 9809 
1 2 6484 9452 
1 4 9452 3559 13546 6522 
1 4 6103 11333 13070 3501 
1 4 6103 11333 507 9458 
1 3 3369 11471 507 
1 5 11471 6351 3422 3463 540 
1 3 3369 6378 377 
1 3 377 407 11361 
1 4 6103 11374 221 271 
1 2 271 322 
1 3 3369 7239 9297 
1 3 6103 11221 296 
1 5 296 9322 3353 9250 11297 
1 4 6384 6318 11345 9297 
1 4 6318 9379 9269 11297 
1 4 9379 9332 11270 351 
1 4 9392 11378 11299 351 
1 4 6318 6335 6399 11332 
1 5 9392 9383 6300 3150 11136 
1 6 11332 11218 6320 6395 3273 9383 
1 5 6395 6385 11161 6046 6104 
1 3 11136 11207 9161 
1 4 6318 3205 9364 6363 
1 6 11221 9268 11279 6237 9315 6318 
1 5 11293 7377 285 11237 7394 
1 3 7394 9284 6313 
1 5 6313 9310 303 3342 11293 
1 4 6313 13622 3396 9303 
1 4 11293 3359 3242 3379 
1 4 9303 9255 11371 337 
1 4 3359 11303 385 337 
1 3 3379 3242 385 
1 3 962 6959 6906 
1 4 6906 9896 6817 3873 
1 4 3873 6966 6812 9764 
1 3 10024 4098 962 
1 4 9979 7153 10094 7183 
1 2 7153 4135 
1 4 7183 1048 13637 4135 
1 5 9979 7068 1176 11956 12038 
1 3 7183 1178 875 
1 4 875 3871 6896 9778 
1 4 9778 11863 6914 3938 
1 4 6906 3799 3891 3945 
1 4 3945 6879 3858 3938 
1 5 3938 3794 9800 9846 11825 
1 6 11825 4024 3920 6746 9699 6749 
1 4 11825 918 920 3725 
1 6 3725 11840 11677 11692 6955 758 
1 6 6749 11707 9719 6764 3761 758 
1 7 740 3735 11852 885 9870 6936 11825 
1 5 3816 6878 6903 3902 11852 
1 3 3816 3954 6966 
1 6 3858 6993 9785 11766 813 3816 
1 4 740 6756 3737 743 
1 4 9737 6777 9710 743 
1 4 3816 6901 9842 11838 
1 4 9764 9797 872 897 
1 3 9764 854 6927 
1 4 6927 9824 9853 3946 
1 5 11805 970 980 3866 3790 
1 3 11805 924 3798 
1 3 3798 6924 9817 
1 2 3790 6880 
1 3 3798 11885 3926 
1 3 6924 889 845 
1 4 970 9869 3846 9819 
1 5 12100 7215 4199 12087 9945 
1 4 11773 11874 11755 9863 
1 6 12674 13564 13572 13566 13571 13584 
1 3 13572 13580 13589 
1 3 947 3851 11811 
1 4 11811 904 11866 11883 
1 5 11883 979 3982 3967 6995 
1 4 6995 11881 11894 975 
1 5 975 9932 3714 11753 3653 
1 6 11784 11747 804 11844 3807 921 
1 5 804 11839 11826 919 3903 
1 5 921 12866 3921 3890 6965 
1 5 12473 1088 10087 1108 792 
1 3 792 1065 7107 
1 4 792 4111 4486 1544 
1 3 1108 11919 7513 
1 5 12473 13741 3942 2013 13743 
1 5 4512 13745 12318 864 6935 
1 5 10472 6991 6976 9886 9932 
1 4 3653 10403 13671 10472 
1 4 1005 1122 4127 4008 
1 4 4008 7026 4124 10056 
1 2 12029 12473 
1 4 1005 1119 12096 10122 
1 2 10007 10122 
1 5 4112 7130 10038 9941 10122 
1 3 4112 11848 9799 
1 4 9799 11778 11867 947 
1 10 11248 269 9376 3257 11363 376 3371 11309 9286 9258 
1 5 9286 324 11373 6337 392 
1 5 324 3269 3334 6357 9307 
1 4 9307 11356 11243 6338 
1 2 11356 9259 
1 8 11373 286 3196 3246 6394 9365 9243 11225 
1 3 9258 11269 11240 
1 3 11240 257 3196 
1 2 6380 301 
1 11 301 3290 11330 350 283 3275 3339 6362 9360 6299 11375 
1 4 3339 214 6316 378 
1 5 378 11338 346 252 121 
1 6 11375 6327 3352 6374 3197 3334 
1 7 6380 6283 11236 6346 9345 11205 121 
1 6 3335 3226 6305 11336 3210 306 
1 10 6380 3391 3327 401 11384 3279 9399 6387 3362 306 
1 3 11349 6303 3279 
1 5 3279 11254 11369 11300 382 
1 3 306 11290 11241 
1 4 306 223 6354 3331 
1 4 3331 11322 294 11370 
1 5 11370 277 6340 13739 3320 
1 3 525 489 3568 
1 3 3568 546 9288 
1 4 9288 6344 3378 9289 
1 4 9289 3331 13380 11241 
1 4 525 504 550 11514 
1 4 511 6578 11397 418 
1 9 3686 6704 6724 3722 568 9712 767 6596 11405 
1 3 6724 705 11649 
1 3 6724 9677 9680 
1 3 3755 574 11546 
1 2 11405 11437 
1 6 11437 9463 9479 3508 3531 418 
1 4 511 11504 6495 9491 
1 3 9463 6507 6495 
1 4 413 3527 510 6494 
1 6 6494 6591 3540 11476 11459 11450 
1 3 11450 11418 9417 
1 3 9417 9430 6445 
1 3 6420 3421 6474 
1 3 6445 6493 6474 
1 3 6474 6505 9461 
1 4 9461 9488 3519 11476 
1 7 418 9556 6554 9531 11487 6519 9461 
1 4 6474 6505 3479 6519 
1 7 9258 11393 11335 11308 6450 3578 11523 
1 3 11523 499 6601 
1 5 9753 6620 11429 9455 6486 
1 6 6486 6525 545 3406 6479 499 
1 7 11418 484 509 3489 9474 6527 3529 
1 5 3529 9504 533 11501 9540 
1 8 11225 11377 11256 227 12172 3289 273 1278 
1 10 9214 6124 272 359 3363 6288 12203 7346 11352 7375 
1 6 6338 260 9336 3251 3300 6388 
1 3 6388 6278 6217 
1 5 11225 11377 3216 3385 6379 
1 3 6379 10299 12128 
1 4 9292 10213 12229 10284 
1 5 1821 10133 12287 1233 9292 
1 4 1821 307 12102 1387 
1 6 9292 12157 10329 10142 12117 1278 
1 3 9417 585 3587 
1 4 719 3760 3734 3752 
1 3 3752 765 9744 
1 2 9744 585 
1 8 6794 3777 6796 3779 9742 6781 6768 3734 
1 3 3734 11729 6741 
1 2 765 6783 
1 3 6738 3717 3698 
1 3 719 717 3698 
1 6 3698 9663 11647 11617 11599 772 
1 2 772 3653 
1 4 772 3658 6671 1599 
1 3 6738 735 11696 
1 11 3587 6781 9726 11696 6753 731 6733 9647 3672 683 6730 
1 3 3672 6689 3668 
1 2 9647 9628 
1 2 6718 731 
1 4 12320 13724 12380 1599 
1 3 10472 12441 13724 
1 6 3668 4463 7624 4458 7495 7661 
1 4 1599 12309 1539 11674 
1 6 11674 11645 4477 4614 1536 7661 
1 4 1599 4534 11609 9628 
1 5 11537 566 11433 9420 12128 
1 2 12128 3563 
1 3 12640 7706 12583 
1 3 9605 1573 10671 
1 4 10671 1919 11687 1459 
1 4 9605 10742 4482 7560 
1 3 7560 7491 12333 
1 5 12333 10510 10359 7563 7477 
1 4 12333 8099 7618 12465 
1 4 7563 7635 1493 12465 
1 7 3618 11455 11469 11524 6491 11473 11537 
1 10 3563 4322 7438 7370 10253 12294 1314 4227 4374 4300 
1 9 4300 7243 7600 7657 12329 7597 12397 12340 12640 
1 3 1459 10660 12640 
1 4 1459 10488 12581 2058 
1 4 9605 1632 7639 10671 
1 2 1632 756 
1 4 1387 4824 4754 1880 
1 8 1387 7846 9512 10670 10600 12652 1709 10696 
1 5 7708 10202 12616 12546 10696 
1 5 7708 4661 12594 7890 1864 
1 6 10696 12679 1733 1860 7825 7274 
1 3 1794 4734 7274 
1 2 1794 1779 
1 4 1794 7680 7890 1864 
1 8 4724 7815 7886 4793 4789 12536 4866 7274 
1 3 4724 12691 12621 
1 4 4690 12563 10639 4724 
1 6 12621 1876 1813 10549 10661 12540 
1 3 12540 7838 1727 
1 2 7789 12536 
1 4 1727 4797 10543 4837 
1 3 4837 10528 7835 
1 2 7835 7816 
1 5 7835 1696 4705 7751 12641 
1 5 1727 12525 1707 10596 7828 
1 5 10583 7759 10654 4737 7828 
1 2 10583 1666 
1 4 12641 10574 12556 4832 
1 5 4832 12543 7851 10678 12657 
1 2 12657 7763 
1 3 12657 1739 12654 
1 2 12654 4725 
1 7 4725 10655 7801 10722 7672 4805 12189 
1 9 12189 10466 11643 6686 664 6684 11750 6989 957 
1 4 12189 7266 3963 12136 
1 4 12136 1343 7249 4841 
1 3 4841 7868 12559 
1 3 957 6961 9926 
1 8 12412 10433 12355 12482 6811 783 3977 957 
1 12 12412 7652 7582 4506 12485 4876 10638 4745 12690 4792 7786 12641 
1 10 11159 2994 6172 11153 11059 70 9197 11068 79 6174 
1 9 9131 9199 75 72 9130 3130 11171 312 3338 
1 6 121 11166 9188 6143 11107 9131 
1 9 11159 9118 6094 11092 155 11175 6021 94 9195 
1 10 9195 3189 86 3008 9162 3121 6181 9201 11117 3134 
1 12 121 3220 3190 6215 3091 6180 9200 11075 9180 3167 6089 9214 
1 7 6124 6171 9114 11025 3102 186 7330 
1 6 7375 11228 237 4758 12567 1821 
1 11 6278 7403 7431 7416 10286 10314 361 3280 7320 10133 1821 
1 3 4411 7429 12229 
1 4 4411 7281 4215 4261 
1 5 6380 3259 344 9256 6245 
1 3 11068 79 6174 
1 6 11202 11097 3053 6139 11032 6174 
1 4 11349 9343 3215 333 
1 10 3101 187 110 8 9212 320 9319 11392 11097 11202 
1 6 6380 6414 9348 6290 6396 6262 
1 5 6262 3292 11242 11368 9355 
1 4 9355 9328 9260 3580 
1 4 9355 9384 6411 3335 
1 6 413 6477 9579 3554 457 3580 
1 10 6477 3318 6398 6230 6279 9313 9266 9395 9282 9348 
1 6 418 9449 6517 9518 558 3580 
1 7 11248 11379 11268 9282 9348 6414 6380 
1 4 6262 11347 3236 382 
1 9 3152 11426 11127 11443 4640 104 11186 11080 6174 
1 5 6174 3151 3060 9100 9206 
1 3 11105 6144 9167 
1 7 9167 67 9073 9183 11056 6082 9206 
1 2 9167 3137 
1 2 3137 3025 
1 4 3083 9094 32 3025 
1 4 3025 3119 9166 6198 
1 5 3122 6013 9038 6138 3119 
1 4 6198 9156 195 11121 
1 5 11121 158 11081 11164 11125 
1 5 11141 136 3013 165 9183 
1 5 11141 9104 3125 9106 9233 
1 5 9166 11144 9219 6078 11141 
1 3 9206 11162 52 
1 5 52 3050 6150 3187 6052 
1 6 6052 3133 9181 6210 3185 6146 
1 8 3140 6131 11093 39 11084 3176 6022 6245 
1 6 3140 11174 6095 3072 79 6174 
1 2 117 3072 
1 2 3101 3176 
1 2 333 3176 
1 10 6506 3518 6563 3539 544 6587 471 11296 11351 11381 
1 5 11248 11294 314 9245 11381 
1 7 3529 9504 3582 579 487 9502 11512 
1 2 11512 544 
1 5 413 9448 6553 9529 11512 
1 10 9292 1327 1292 1775 1294 12521 7874 10568 1709 10696 
1 9 1591 4845 10619 12529 10680 7784 4674 12564 1864 
1 3 12595 1777 4724 
1 7 488 458 434 6597 11703 9698 11670 
1 2 11546 6597 
1 4 488 11454 3494 525 
1 2 488 9491 
1 6 9340 9240 9501 308 6408 9221 
1 5 9221 6178 6381 496 3152 
1 4 9221 592 415 11202 
1 7 310 6459 3219 6326 6249 323 11241 
1 6 310 341 222 319 415 11202 
1 5 310 7482 11222 10323 9340 
1 6 3320 13739 11342 11226 11358 310 
1 3 3320 9295 9404 
1 6 9404 9357 6229 9483 3354 9262 
1 3 6342 11246 9262 
1 3 6342 265 9340 
1 4 9359 9236 11216 11370 
1 4 11370 216 386 331 
1 5 331 6373 6319 9249 9288 
1 7 9570 552 6595 3572 9496 11505 6521 
1 7 6559 9471 3535 9560 11545 3499 6521 
1 4 6521 3499 9456 3522 
1 4 3522 9375 526 6377 
1 3 6377 3271 3326 
1 9 587 6570 6469 495 6535 9509 405 3395 6377 
1 6 6521 375 11219 9294 9320 9347 
1 3 9320 11331 6389 
1 4 6282 3207 11444 6521 
1 4 6570 529 6444 6488 
1 5 9517 3530 6568 589 6488 
1 5 9503 549 3558 11560 6488 
1 5 11544 9416 11404 9441 3535 
1 5 692 3705 6540 561 11544 
1 4 11666 6690 9648 13575 
1 4 11666 3700 6720 9676 
1 5 11666 6739 3718 557 3569 
1 3 6418 6440 11542 
1 5 11542 9429 583 3553 3569 
1 3 3569 11511 6576 
1 5 583 421 3414 3583 9567 
1 3 11531 11547 11560 
1 5 6560 6598 516 13661 11519 
1 2 13661 13081 
1 4 6560 13659 6446 575 
1 3 11516 3629 11531 
1 4 587 3547 3488 6583 
1 3 11519 6537 3488 
1 4 564 6513 11402 526 
1 4 564 6549 3397 6488 
1 5 11360 241 11264 11233 6535 
1 4 9347 6298 6263 6377 
1 4 3326 6349 6325 9347 
1 3 11360 241 3326 
1 4 3532 11478 3473 9496 
1 4 11467 9457 6512 9570 
1 3 9508 493 11515 
1 3 9508 11492 3544 
1 4 11515 17 6558 3532 
1 5 11372 9361 9334 6334 6282 
1 4 11372 11343 9263 362 
1 3 3320 327 6296 
1 4 6296 6360 3337 3288 
1 3 9262 6314 3288 
1 3 3288 11265 6332 
1 4 6332 6402 3380 362 
1 4 3230 6347 3351 3380 
1 3 3544 6259 3230 
1 3 6558 11232 279 
1 4 279 3324 3380 362 
1 5 9508 11428 3586 13611 9427 
1 4 6484 3521 12562 3544 
1 4 3544 524 402 11274 
1 4 11274 11301 3281 3393 
1 3 3393 9274 3320 
1 3 9427 11413 442 
1 3 442 6499 6522 
1 3 6522 9468 11479 
1 4 6522 3434 6431 6460 
1 4 6460 9425 3743 9548 
1 3 11479 491 11427 
1 3 6559 11432 6440 
1 5 6418 9555 3571 571 11544 
1 4 11666 704 11651 9665 
1 5 3675 688 6708 3703 9665 
1 3 3675 11634 673 
1 3 692 11620 673 
1 4 692 11653 6725 6708 
1 5 11612 13210 6673 653 13575 
1 3 11612 11595 6626 
1 3 11584 628 6626 
1 3 6675 9633 673 
1 3 603 3604 11584 
1 4 6889 11816 3924 3943 
1 5 13826 591 6611 11901 3943 
1 5 13826 11564 3601 3592 11581 
1 5 11581 9611 11594 3627 6647 
1 4 6647 11577 11580 3617 
1 6 11580 11586 11583 6634 9602 11887 
1 6 11887 11868 965 949 3908 3937 
1 3 3937 6923 9862 
1 5 9862 13633 11842 922 9833 
1 4 9833 11829 11811 890 
1 4 890 9806 11784 9901 
1 4 9901 9811 11860 940 
1 5 940 9755 6807 9763 10056 
1 4 10056 11810 11746 806 
1 4 806 3889 12473 9893 
1 5 9893 9823 11871 5004 4512 
1 4 4512 12387 10804 10106 
1 5 10106 1600 3795 12046 2097 
1 4 3617 9621 6700 684 
1 4 684 9660 11663 9676 
1 7 11666 9527 6552 11525 11556 9569 11542 
1 4 9611 3654 9646 13575 
1 4 11586 9599 3984 3939 
1 3 9874 9890 11887 
1 3 976 1109 4109 
1 5 4193 7211 7096 3988 4109 
1 3 11965 4078 7096 
1 4 9805 9916 11895 976 
1 4 976 863 6930 3844 
1 3 3844 10163 11818 
1 5 949 13635 907 3882 9874 
1 4 9783 649 9612 9610 
1 5 9610 3796 793 965 949 
1 4 9783 11597 657 9635 
1 3 9862 878 11905 
1 5 907 6886 13634 3526 11818 
1 4 6889 9809 9780 9914 
1 7 819 955 851 3968 9856 9784 11837 
1 5 3968 10027 3901 12066 9990 
1 5 10074 3857 1156 4159 9990 
1 2 4159 4014 
1 5 4014 1009 7147 7059 10074 
1 5 819 9826 923 11882 3910 
1 7 9784 6843 883 6939 3966 3923 923 
1 3 6780 770 9909 
1 4 9909 11891 3772 6788 
1 4 6788 6973 6946 11833 
1 3 3780 3773 6788 
1 4 3780 776 3782 6780 
1 5 6606 11734 3776 773 3780 
1 5 782 6606 9752 6790 3773 
1 4 782 9924 967 925 
1 3 9907 910 11833 
1 3 9907 11889 9924 
1 5 9904 9794 6926 11790 925 
1 5 9904 11751 6862 6875 11833 
1 2 9904 11846 
1 4 782 6793 9582 11584 
1 4 603 3776 773 3780 
1 3 6675 9598 3604 
1 3 3780 9584 9600 
1 3 6780 611 3612 
1 3 9620 9638 663 
1 4 9620 13550 11590 6666 
1 2 11590 3612 
1 4 663 11601 3641 9600 
1 3 6680 6678 9633 
1 5 9517 11486 694 3679 663 
1 3 11531 9575 6583 
1 5 11544 9572 11417 3397 6488 
1 6 3320 9295 11498 9246 9374 265 
1 4 6576 3484 11522 3537 
1 4 9660 9690 6561 3537 
1 6 9660 716 3731 6751 6573 3581 
1 4 684 11646 9656 6682 
1 5 3731 3713 730 11659 3696 
1 3 6573 3565 11691 
1 3 11691 9706 10104 
1 4 6682 646 9606 11592 
1 3 10104 746 11676 
1 3 11691 11536 6460 
1 3 3581 417 11413 
1 5 3537 581 11554 9412 9427 
1 2 9606 614 
1 3 3696 3709 6711 
1 4 9611 3670 9624 11610 
1 4 11610 3680 6703 9660 
1 5 11506 6585 11420 9500 11548 
1 5 9434 11563 6569 9534 11506 
1 5 6449 3579 11535 6599 9434 
1 4 3552 6572 9525 11508 
1 3 11508 9550 3579 
1 3 11465 9510 6536 
1 3 6536 542 3552 
1 3 11465 527 9550 
1 4 11506 9523 9507 512 
1 3 9478 9492 512 
1 3 9478 503 11465 
1 4 9737 11565 9597 6657 
1 4 6657 11600 11616 11465 
1 5 9737 9717 6759 3740 11699 
1 4 11506 11518 11549 13011 
1 4 13011 13665 6545 5291 
1 4 9523 9725 3506 9490 
1 3 9490 3669 3652 
1 4 512 3493 6688 3655 
1 4 620 3626 6651 3655 
1 4 3655 6644 9607 9748 
1 4 11794 648 11628 3669 
1 3 11794 6613 6786 
1 4 6786 11716 9728 11877 
1 4 11877 11849 11834 911 
1 4 6613 3589 6784 3768 
1 5 3768 9736 3961 956 911 
1 4 11877 9898 6960 3946 
1 4 3946 6917 943 6766 
1 4 11699 929 3749 6766 
1 3 9748 3770 6786 
1 4 620 625 11582 9597 
1 4 3652 9658 9505 6545 
1 4 11794 641 6668 3646 
1 4 9503 6529 678 9638 
1 3 11531 549 9503 
1 4 9347 9320 11305 321 
1 3 321 293 268 
1 4 268 3367 375 6521 
1 5 6282 349 3340 9388 321 
1 4 6389 317 11366 332 
1 4 6287 6393 3260 3325 
1 5 3325 3277 6364 6235 394 
1 2 332 3277 
1 4 9279 11376 6120 11160 
1 5 11160 11327 11215 329 299 
1 4 299 3229 11390 11380 
1 4 11380 11082 161 6050 
1 4 6050 9149 3182 11091 
1 4 11091 3045 11147 11040 
1 6 11040 9151 205 130 9088 182 
1 5 9108 6083 9143 11201 6132 
1 3 182 3113 6132 
1 5 11380 9308 9209 6188 3063 
1 4 383 295 3375 3063 
1 3 383 3307 6412 
1 4 6412 9362 6345 9279 
1 3 383 6310 171 
1 4 171 11151 3171 6115 
1 2 6345 6287 
1 4 9296 11176 9096 6151 
1 4 6151 9174 14 6115 
1 4 9296 11367 6176 53 
1 6 122 6145 65 3192 137 53 
1 5 6115 9103 9157 11135 9135 
1 5 9135 9227 11206 6118 3022 
1 5 3022 6038 9132 107 6041 
1 5 6041 6187 3126 3088 3048 
1 4 3048 6071 6214 9126 
1 5 192 3034 3132 38 9126 
1 8 122 3114 3188 6216 6204 3093 6114 11206 
1 5 9783 9919 9902 922 9833 
1 5 9617 3636 3639 637 6652 
1 4 9617 674 11636 6706 
1 4 6706 6729 6747 9716 
1 3 6706 3724 3707 
1 3 3724 9683 6727 
1 3 9617 3663 11619 
1 4 6983 6619 3596 3592 
1 3 391 3314 6336 
1 5 6336 9335 11318 336 11360 
1 4 391 13544 3211 9498 
1 4 13544 11456 6496 6500 
1 4 6500 11562 9522 587 
1 4 6598 11419 3262 9498 
1 5 9914 10245 3884 914 9805 
1 4 3939 3922 6913 9809 
1 2 6484 9452 
1 4 9452 3559 13546 6522 
1 4 6103 11333 13070 3501 
1 4 6103 11333 507 9458 
1 3 3369 11471 507 
1 5 11471 6351 3422 3463 540 
1 3 3369 6378 377 
1 3 377 407 11361 
1 4 6103 11374 221 271 
1 2 271 322 
1 3 3369 7239 9297 
1 3 6103 11221 296 
1 5 296 9322 3353 9250 11297 
1 4 6384 6318 11345 9297 
1 4 6318 9379 9269 11297 
1 4 9379 9332 11270 351 
1 4 9392 11378 11299 351 
1 4 6318 6335 6399 11332 
1 5 9392 9383 6300 3150 11136 
1 6 11332 11218 6320 6395 3273 9383 
1 5 6395 6385 11161 6046 6104 
1 3 11136 11207 9161 
1 4 6318 3205 9364 6363 
1 6 11221 9268 11279 6237 9315 6318 
1 5 11293 7377 285 11237 7394 
1 3 7394 9284 6313 
1 5 6313 9310 303 3342 11293 
1 4 6313 13622 3396 9303 
1 4 11293 3359 3242 3379 
1 4 9303 9255 11371 337 
1 4 3359 11303 385 337 
1 3 3379 3242 385 
1 3 962 6959 6906 
1 4 6906 9896 6817 3873 
1 4 3873 6966 6812 9764 
1 3 10024 4098 962 
1 4 9979 7153 10094 7183 
1 2 7153 4135 
1 4 7183 1048 13637 4135 
1 5 9979 7068 1176 11956 12038 
1 3 7183 1178 875 
1 4 875 3871 6896 9778 
1 4 9778 11863 6914 3938 
1 4 6906 3799 3891 3945 
1 4 3945 6879 3858 3938 
1 5 3938 3794 9800 9846 11825 
1 6 11825 4024 3920 6746 9699 6749 
1 4 11825 918 920 3725 
1 6 3725 11840 11677 11692 6955 758 
1 6 6749 11707 9719 6764 3761 758 
1 7 740 3735 11852 885 9870 6936 11825 
1 5 3816 6878 6903 3902 11852 
1 3 3816 3954 6966 
1 6 3858 6993 9785 11766 813 3816 
1 4 740 6756 3737 743 
1 4 9737 6777 9710 743 
1 4 3816 6901 9842 11838 
1 4 9764 9797 872 897 
1 3 9764 854 6927 
1 4 6927 9824 9853 3946 
1 5 11805 970 980 3866 3790 
1 3 11805 924 3798 
1 3 3798 6924 9817 
1 2 3790 6880 
1 3 3798 11885 3926 
1 3 6924 889 845 
1 4 970 9869 3846 9819 
1 5 12100 7215 4199 12087 9945 
1 4 11773 11874 11755 9863 
1 6 12674 13564 13572 13566 13571 13584 
1 3 13572 13580 13589 
1 3 947 3851 11811 
1 4 11811 904 11866 11883 
1 5 11883 979 3982 3967 6995 
1 4 6995 11881 11894 975 
1 5 975 9932 3714 11753 3653 
1 6 11784 11747 804 11844 3807 921 
1 5 804 11839 11826 919 3903 
1 5 921 12866 3921 3890 6965 
1 5 12473 1088 10087 1108 792 
1 3 792 1065 7107 
1 4 792 4111 4486 1544 
1 3 1108 11919 7513 
1 5 12473 13741 3942 2013 13743 
1 5 4512 13745 12318 864 6935 
1 5 10472 6991 6976 9886 9932 
1 4 3653 10403 13671 10472 
1 4 1005 1122 4127 4008 
1 4 4008 7026 4124 10056 
1 2 12029 12473 
1 4 1005 1119 12096 10122 
1 2 10007 10122 
1 5 4112 7130 10038 9941 10122 
1 3 4112 11848 9799 
1 4 9799 11778 11867 947 
1 10 11248 269 9376 3257 11363 376 3371 11309 9286 9258 
1 5 9286 324 11373 6337 392 
1 5 324 3269 3334 6357 9307 
1 4 9307 11356 11243 6338 
1 2 11356 9259 
1 8 11373 286 3196 3246 6394 9365 9243 11225 
1 3 9258 11269 11240 
1 3 11240 257 3196 
1 2 6380 301 
1 11 301 3290 11330 350 283 3275 3339 6362 9360 6299 11375 
1 4 3339 214 6316 378 
1 5 378 11338 346 252 121 
1 6 11375 6327 3352 6374 3197 3334 
1 7 6380 6283 11236 6346 9345 11205 121 
1 6 3335 3226 6305 11336 3210 306 
1 10 6380 3391 3327 401 11384 3279 9399 6387 3362 306 
1 3 11349 6303 3279 
1 5 3279 11254 11369 11300 382 
1 3 306 11290 11241 
1 4 306 223 6354 3331 
1 4 3331 11322 294 11370 
1 5 11370 277 6340 13739 3320 
1 3 525 489 3568 
1 3 3568 546 9288 
1 4 9288 6344 3378 9289 
1 4 9289 3331 13380 11241 
1 4 525 504 550 11514 
1 4 511 6578 11397 418 
1 9 3686 6704 6724 3722 568 9712 767 6596 11405 
1 3 6724 705 11649 
1 3 6724 9677 9680 
1 3 3755 574 11546 
1 2 11405 11437 
1 6 11437 9463 9479 3508 3531 418 
1 4 511 11504 6495 9491 
1 3 9463 6507 6495 
1 4 413 3527 510 6494 
1 6 6494 6591 3540 11476 11459 11450 
1 3 11450 11418 9417 
1 3 9417 9430 6445 
1 3 6420 3421 6474 
1 3 6445 6493 6474 
1 3 6474 6505 9461 
1 4 9461 9488 3519 11476 
1 7 418 9556 6554 9531 11487 6519 9461 
1 4 6474 6505 3479 6519 
1 7 9258 11393 11335 11308 6450 3578 11523 
1 3 11523 499 6601 
1 5 9753 6620 11429 9455 6486 
1 6 6486 6525 545 3406 6479 499 
1 7 11418 484 509 3489 9474 6527 3529 
1 5 3529 9504 533 11501 9540 
1 8 11225 11377 11256 227 12172 3289 273 1278 
1 10 9214 6124 272 359 3363 6288 12203 7346 11352 7375 
1 6 6338 260 9336 3251 3300 6388 
1 3 6388 6278 6217 
1 5 11225 11377 3216 3385 6379 
1 3 6379 10299 12128 
1 4 9292 10213 12229 10284 
1 5 1821 10133 12287 1233 9292 
1 4 1821 307 12102 1387 
1 6 9292 12157 10329 10142 12117 1278 
1 3 9417 585 3587 
1 4 719 3760 3734 3752 
1 3 3752 765 9744 
1 2 9744 585 
1 8 6794 3777 6796 3779 9742 6781 6768 3734 
1 3 3734 11729 6741 
1 2 765 6783 
1 3 6738 3717 3698 
1 3 719 717 3698 
1 6 3698 9663 11647 11617 11599 772 
1 2 772 3653 
1 4 772 3658 6671 1599 
1 3 6738 735 11696 
1 11 3587 6781 9726 11696 6753 731 6733 9647 3672 683 6730 
1 3 3672 6689 3668 
1 2 9647 9628 
1 2 6718 731 
1 4 12320 13724 12380 1599 
1 3 10472 12441 13724 
1 6 3668 4463 7624 4458 7495 7661 
1 4 1599 12309 1539 11674 
1 6 11674 11645 4477 4614 1536 7661 
1 4 1599 4534 11609 9628 
1 5 11537 566 11433 9420 12128 
1 2 12128 3563 
1 3 12640 7706 12583 
1 3 9605 1573 10671 
1 4 10671 1919 11687 1459 
1 4 9605 10742 4482 7560 
1 3 7560 7491 12333 
1 5 12333 10510 10359 7563 7477 
1 4 12333 8099 7618 12465 
1 4 7563 7635 1493 12465 
1 7 3618 11455 11469 11524 6491 11473 11537 
1 10 3563 4322 7438 7370 10253 12294 1314 4227 4374 4300 
1 9 4300 7243 7600 7657 12329 7597 12397 12340 12640 
1 3 1459 10660 12640 
1 4 1459 10488 12581 2058 
1 4 9605 1632 7639 10671 
1 2 1632 756 
1 4 1387 4824 4754 1880 
1 8 1387 7846 9512 10670 10600 12652 1709 10696 
1 5 7708 10202 12616 12546 10696 
1 5 7708 4661 12594 7890 1864 
1 6 10696 12679 1733 1860 7825 7274 
1 3 1794 4734 7274 
1 2 1794 1779 
1 4 1794 7680 7890 1864 
1 8 4724 7815 7886 4793 4789 12536 4866 7274 
1 3 4724 12691 12621 
1 4 4690 12563 10639 4724 
1 6 12621 1876 1813 10549 10661 12540 
1 3 12540 7838 1727 
1 2 7789 12536 
1 4 1727 4797 10543 4837 
1 3 4837 10528 7835 
1 2 7835 7816 
1 5 7835 1696 4705 7751 12641 
1 5 1727 12525 1707 10596 7828 
1 5 10583 7759 10654 4737 7828 
1 2 10583 1666 
1 4 12641 10574 12556 4832 
1 5 4832 12543 7851 10678 12657 
1 2 12657 7763 
1 3 12657 1739 12654 
1 2 12654 4725 
1 7 4725 10655 7801 10722 7672 4805 12189 
1 9 12189 10466 11643 6686 664 6684 11750 6989 957 
1 4 12189 7266 3963 12136 
1 4 12136 1343 7249 4841 
1 3 4841 7868 12559 
1 3 957 6961 9926 
1 8 12412 10433 12355 12482 6811 783 3977 957 
1 12 12412 7652 7582 4506 12485 4876 10638 4745 12690 4792 7786 12641 
1 10 11159 2994 6172 11153 11059 70 9197 11068 79 6174 
1 9 9131 9199 75 72 9130 3130 11171 312 3338 
1 6 121 11166 9188 6143 11107 9131 
1 9 11159 9118 6094 11092 155 11175 6021 94 9195 
1 10 9195 3189 86 3008 9162 3121 6181 9201 11117 3134 
1 12 121 3220 3190 6215 3091 6180 9200 11075 9180 3167 6089 9214 
1 7 6124 6171 9114 11025 3102 186 7330 
1 6 7375 11228 237 4758 12567 1821 
1 11 6278 7403 7431 7416 10286 10314 361 3280 7320 10133 1821 
1 3 4411 7429 12229 
1 4 4411 7281 4215 4261 
1 5 6380 3259 344 9256 6245 
1 3 11068 79 6174 
1 6 11202 11097 3053 6139 11032 6174 
1 4 11349 9343 3215 333 
1 10 3101 187 110 8 9212 320 9319 11392 11097 11202 
1 6 6380 6414 9348 6290 6396 6262 
1 5 6262 3292 11242 11368 9355 
1 4 9355 9328 9260 3580 
1 4 9355 9384 6411 3335 
1 6 413 6477 9579 3554 457 3580 
1 10 6477 3318 6398 6230 6279 9313 9266 9395 9282 9348 
1 6 418 9449 6517 9518 558 3580 
1 7 11248 11379 11268 9282 9348 6414 6380 
1 4 6262 11347 3236 382 
1 9 3152 11426 11127 11443 4640 104 11186 11080 6174 
1 5 6174 3151 3060 9100 9206 
1 3 11105 6144 9167 
1 7 9167 67 9073 9183 11056 6082 9206 
1 2 9167 3137 
1 2 3137 3025 
1 4 3083 9094 32 3025 
1 4 3025 3119 9166 6198 
1 5 3122 6013 9038 6138 3119 
1 4 6198 9156 195 11121 
1 5 11121 158 11081 11164 11125 
1 5 11141 136 3013 165 9183 
1 5 11141 9104 3125 9106 9233 
1 5 9166 11144 9219 6078 11141 
1 3 9206 11162 52 
1 5 52 3050 6150 3187 6052 
1 6 6052 3133 9181 6210 3185 6146 
1 8 3140 6131 11093 39 11084 3176 6022 6245 
1 6 3140 11174 6095 3072 79 6174 
1 2 117 3072 
1 2 3101 3176 
1 2 333 3176 
1 10 6506 3518 6563 3539 544 6587 471 11296 11351 11381 
1 5 11248 11294 314 9245 11381 
1 7 3529 9504 3582 579 487 9502 11512 
1 2 11512 544 
1 5 413 9448 6553 9529 11512 
1 10 9292 1327 1292 1775 1294 12521 7874 10568 1709 10696 
1 9 1591 4845 10619 12529 10680 7784 4674 12564 1864 
1 3 12595 1777 4724 
1 7 488 458 434 6597 11703 9698 11670 
1 2 11546 6597 
1 4 488 11454 3494 525 
1 2 488 9491 
1 6 9340 9240 9501 308 6408 9221 
1 5 9221 6178 6381 496 3152 
1 4 9221 592 415 11202 
1 7 310 6459 3219 6326 6249 323 11241 
1 6 310 341 222 319 415 11202 
1 5 310 7482 11222 10323 9340 
1 6 3320 13739 11342 11226 11358 310 
1 3 3320 9295 9404 
1 6 9404 9357 6229 9483 3354 9262 
1 3 6342 11246 9262 
1 3 6342 265 9340 
1 4 9359 9236 11216 11370 
1 4 11370 216 386 331 
1 5 331 6373 6319 9249 9288 
1 21 3957 6984 13628 6845 11782 6882 3878 9847 6909 11830 9832 3906 6732 3712 3732 7462 12459 1338 1619 4342 12289 
1 25 3957 873 3823 11841 11738 788 9876 6943 4168 1132 1019 11927 10047 7202 1547 11975 1480 12381 1572 12439 1584 7388 12752 1913 1843 
1 19 7202 1547 10465 7118 638 12384 9996 4594 12735 7422 492 11942 10352 10520 7480 7668 4464 7524 1453 
1 13 7552 1453 4535 4507 12313 1500 10337 12410 4884 1927 12782 6798 7836 
1 25 7552 1453 10449 4565 12429 4622 7422 12735 12803 5059 10281 12501 12670 6974 6696 1445 4452 7547 6971 7588 7466 1506 10412 11841 3823 
1 34 9450 9682 10461 720 12497 10457 12305 4569 1621 1441 12361 10717 7834 1352 7892 1753 10532 4871 12570 12642 1827 1658 6887 1756 4668 4865 10651 7756 1862 4736 10422 11698 710 9713 
1 9 4607 4521 12425 4799 11814 4727 7986 12374 1562 
1 2 1562 13493 
1 47 1562 7517 11757 9814 11859 6881 986 3840 9637 9671 3678 6699 9713 11658 677 6681 6757 9730 610 3644 505 11495 12281 4328 3513 12211 10183 10271 7386 7442 7315 12214 10327 1690 12124 12676 1854 7779 1736 10602 7845 9616 7721 10625 1862 4736 10422 
1 15 11800 4442 6890 9825 3685 11656 6710 6769 6782 11714 11685 11641 9654 6713 9450 
1 7 11789 3850 847 9804 11785 6869 6845 
1 10 6732 3710 908 9850 6911 9673 1436 9708 3747 3733 
1 6 6845 11799 891 706 9774 9673 
1 6 734 11654 6707 9662 6899 11800 
1 2 3733 734 
1 16 1736 4741 1851 7760 10587 1747 3750 12620 12667 12577 7536 4807 1866 1719 12550 1734 
1 6 9450 12357 12456 10341 4664 4807 
1 15 11814 1793 853 7747 4796 10914 1972 12552 4975 8070 12720 1998 8064 12875 7836 
1 10 7836 7981 3960 10778 4577 12401 7555 1559 10410 4565 
1 10 3960 2082 11743 9822 10798 11802 7904 4740 4811 1352 
1 11 4565 10410 10355 7543 12489 4444 1646 7797 10615 10824 12501 
1 6 9616 7721 4826 1414 4274 4328 
1 8 6696 4527 4601 9775 6855 3853 6874 6890 
1 7 4527 1595 7551 9810 870 9653 9654 
1 7 13203 10707 4848 13091 10679 12661 10694 
1 2 13069 13091 
1 7 9570 552 6595 3572 9496 11505 6521 
1 7 6559 9471 3535 9560 11545 3499 6521 
1 4 6521 3499 9456 3522 
1 4 3522 9375 526 6377 
1 3 6377 3271 3326 
1 9 587 6570 6469 495 6535 9509 405 3395 6377 
1 6 6521 375 11219 9294 9320 9347 
1 3 9320 11331 6389 
1 4 6282 3207 11444 6521 
1 4 6570 529 6444 6488 
1 5 9517 3530 6568 589 6488 
1 5 9503 549 3558 11560 6488 
1 5 11544 9416 11404 9441 3535 
1 5 692 3705 6540 561 11544 
1 4 11666 6690 9648 13575 
1 4 11666 3700 6720 9676 
1 5 11666 6739 3718 557 3569 
1 3 6418 6440 11542 
1 5 11542 9429 583 3553 3569 
1 3 3569 11511 6576 
1 5 583 421 3414 3583 9567 
1 3 11531 11547 11560 
1 5 6560 6598 516 13661 11519 
1 2 13661 13081 
1 4 6560 13659 6446 575 
1 3 11516 3629 11531 
1 4 587 3547 3488 6583 
1 3 11519 6537 3488 
1 4 564 6513 11402 526 
1 4 564 6549 3397 6488 
1 5 11360 241 11264 11233 6535 
1 4 9347 6298 6263 6377 
1 4 3326 6349 6325 9347 
1 3 11360 241 3326 
1 4 3532 11478 3473 9496 
1 4 11467 9457 6512 9570 
1 3 9508 493 11515 
1 3 9508 11492 3544 
1 4 11515 17 6558 3532 
1 5 11372 9361 9334 6334 6282 
1 4 11372 11343 9263 362 
1 3 3320 327 6296 
1 4 6296 6360 3337 3288 
1 3 9262 6314 3288 
1 3 3288 11265 6332 
1 4 6332 6402 3380 362 
1 4 3230 6347 3351 3380 
1 3 3544 6259 3230 
1 3 6558 11232 279 
1 4 279 3324 3380 362 
1 5 9508 11428 3586 13611 9427 
1 4 6484 3521 12562 3544 
1 4 3544 524 402 11274 
1 4 11274 11301 3281 3393 
1 3 3393 9274 3320 
1 3 9427 11413 442 
1 3 442 6499 6522 
1 3 6522 9468 11479 
1 4 6522 3434 6431 6460 
1 4 6460 9425 3743 9548 
1 3 11479 491 11427 
1 3 6559 11432 6440 
1 5 6418 9555 3571 571 11544 
1 4 11666 704 11651 9665 
1 5 3675 688 6708 3703 9665 
1 3 3675 11634 673 
1 3 692 11620 673 
1 4 692 11653 6725 6708 
1 5 11612 13210 6673 653 13575 
1 3 11612 11595 6626 
1 3 11584 628 6626 
1 3 6675 9633 673 
1 3 603 3604 11584 
1 4 6889 11816 3924 3943 
1 5 13826 591 6611 11901 3943 
1 5 13826 11564 3601 3592 11581 
1 5 11581 9611 11594 3627 6647 
1 4 6647 11577 11580 3617 
1 6 11580 11586 11583 6634 9602 11887 
1 6 11887 11868 965 949 3908 3937 
1 3 3937 6923 9862 
1 5 9862 13633 11842 922 9833 
1 4 9833 11829 11811 890 
1 4 890 9806 11784 9901 
1 4 9901 9811 11860 940 
1 5 940 9755 6807 9763 10056 
1 4 10056 11810 11746 806 
1 4 806 3889 12473 9893 
1 5 9893 9823 11871 5004 4512 
1 4 4512 12387 10804 10106 
1 5 10106 1600 3795 12046 2097 
1 4 3617 9621 6700 684 
1 4 684 9660 11663 9676 
1 7 11666 9527 6552 11525 11556 9569 11542 
1 4 9611 3654 9646 13575 
1 4 11586 9599 3984 3939 
1 3 9874 9890 11887 
1 3 976 1109 4109 
1 5 4193 7211 7096 3988 4109 
1 3 11965 4078 7096 
1 4 9805 9916 11895 976 
1 4 976 863 6930 3844 
1 3 3844 10163 11818 
1 5 949 13635 907 3882 9874 
1 4 9783 649 9612 9610 
1 5 9610 3796 793 965 949 
1 4 9783 11597 657 9635 
1 3 9862 878 11905 
1 5 907 6886 13634 3526 11818 
1 4 6889 9809 9780 9914 
1 7 819 955 851 3968 9856 9784 11837 
1 5 3968 10027 3901 12066 9990 
1 5 10074 3857 1156 4159 9990 
1 2 4159 4014 
1 5 4014 1009 7147 7059 10074 
1 5 819 9826 923 11882 3910 
1 7 9784 6843 883 6939 3966 3923 923 
1 3 6780 770 9909 
1 4 9909 11891 3772 6788 
1 4 6788 6973 6946 11833 
1 3 3780 3773 6788 
1 4 3780 776 3782 6780 
1 5 6606 11734 3776 773 3780 
1 5 782 6606 9752 6790 3773 
1 4 782 9924 967 925 
1 3 9907 910 11833 
1 3 9907 11889 9924 
1 5 9904 9794 6926 11790 925 
1 5 9904 11751 6862 6875 11833 
1 2 9904 11846 
1 4 782 6793 9582 11584 
1 4 603 3776 773 3780 
1 3 6675 9598 3604 
1 3 3780 9584 9600 
1 3 6780 611 3612 
1 3 9620 9638 663 
1 4 9620 13550 11590 6666 
1 2 11590 3612 
1 4 663 11601 3641 9600 
1 3 6680 6678 9633 
1 5 9517 11486 694 3679 663 
1 3 11531 9575 6583 
1 5 11544 9572 11417 3397 6488 
1 6 3320 9295 11498 9246 9374 265 
1 4 6576 3484 11522 3537 
1 4 9660 9690 6561 3537 
1 6 9660 716 3731 6751 6573 3581 
1 4 684 11646 9656 6682 
1 5 3731 3713 730 11659 3696 
1 3 6573 3565 11691 
1 3 11691 9706 10104 
1 4 6682 646 9606 11592 
1 3 10104 746 11676 
1 3 11691 11536 6460 
1 3 3581 417 11413 
1 5 3537 581 11554 9412 9427 
1 2 9606 614 
1 3 3696 3709 6711 
1 4 9611 3670 9624 11610 
1 4 11610 3680 6703 9660 
1 5 11506 6585 11420 9500 11548 
1 5 9434 11563 6569 9534 11506 
1 5 6449 3579 11535 6599 9434 
1 4 3552 6572 9525 11508 
1 3 11508 9550 3579 
1 3 11465 9510 6536 
1 3 6536 542 3552 
1 3 11465 527 9550 
1 4 11506 9523 9507 512 
1 3 9478 9492 512 
1 3 9478 503 11465 
1 4 9737 11565 9597 6657 
1 4 6657 11600 11616 11465 
1 5 9737 9717 6759 3740 11699 
1 4 11506 11518 11549 13011 
1 4 13011 13665 6545 5291 
1 4 9523 9725 3506 9490 
1 3 9490 3669 3652 
1 4 512 3493 6688 3655 
1 4 620 3626 6651 3655 
1 4 3655 6644 9607 9748 
1 4 11794 648 11628 3669 
1 3 11794 6613 6786 
1 4 6786 11716 9728 11877 
1 4 11877 11849 11834 911 
1 4 6613 3589 6784 3768 
1 5 3768 9736 3961 956 911 
1 4 11877 9898 6960 3946 
1 4 3946 6917 943 6766 
1 4 11699 929 3749 6766 
1 3 9748 3770 6786 
1 4 620 625 11582 9597 
1 4 3652 9658 9505 6545 
1 4 11794 641 6668 3646 
1 4 9503 6529 678 9638 
1 3 11531 549 9503 
1 4 9347 9320 11305 321 
1 3 321 293 268 
1 4 268 3367 375 6521 
1 5 6282 349 3340 9388 321 
1 4 6389 317 11366 332 
1 4 6287 6393 3260 3325 
1 5 3325 3277 6364 6235 394 
1 2 332 3277 
1 4 9279 11376 6120 11160 
1 5 11160 11327 11215 329 299 
1 4 299 3229 11390 11380 
1 4 11380 11082 161 6050 
1 4 6050 9149 3182 11091 
1 4 11091 3045 11147 11040 
1 6 11040 9151 205 130 9088 182 
1 5 9108 6083 9143 11201 6132 
1 3 182 3113 6132 
1 5 11380 9308 9209 6188 3063 
1 4 383 295 3375 3063 
1 3 383 3307 6412 
1 4 6412 9362 6345 9279 
1 3 383 6310 171 
1 4 171 11151 3171 6115 
1 2 6345 6287 
1 4 9296 11176 9096 6151 
1 4 6151 9174 14 6115 
1 4 9296 11367 6176 53 
1 6 122 6145 65 3192 137 53 
1 5 6115 9103 9157 11135 9135 
1 5 9135 9227 11206 6118 3022 
1 5 3022 6038 9132 107 6041 
1 5 6041 6187 3126 3088 3048 
1 4 3048 6071 6214 9126 
1 5 192 3034 3132 38 9126 
1 8 122 3114 3188 6216 6204 3093 6114 11206 
1 5 9783 9919 9902 922 9833 
1 5 9617 3636 3639 637 6652 
1 4 9617 674 11636 6706 
1 4 6706 6729 6747 9716 
1 3 6706 3724 3707 
1 3 3724 9683 6727 
1 3 9617 3663 11619 
1 4 6983 6619 3596 3592 
1 3 391 3314 6336 
1 5 6336 9335 11318 336 11360 
1 4 391 13544 3211 9498 
1 4 13544 11456 6496 6500 
1 4 6500 11562 9522 587 
1 4 6598 11419 3262 9498 
1 5 9914 10245 3884 914 9805 
1 4 3939 3922 6913 9809 
1 2 6484 9452 
1 4 9452 3559 13546 6522 
1 4 6103 11333 13070 3501 
1 4 6103 11333 507 9458 
1 3 3369 11471 507 
1 5 11471 6351 3422 3463 540 
1 3 3369 6378 377 
1 3 377 407 11361 
1 4 6103 11374 221 271 
1 2 271 322 
1 3 3369 7239 9297 
1 3 6103 11221 296 
1 5 296 9322 3353 9250 11297 
1 4 6384 6318 11345 9297 
1 4 6318 9379 9269 11297 
1 4 9379 9332 11270 351 
1 4 9392 11378 11299 351 
1 4 6318 6335 6399 11332 
1 5 9392 9383 6300 3150 11136 
1 6 11332 11218 6320 6395 3273 9383 
1 5 6395 6385 11161 6046 6104 
1 3 11136 11207 9161 
1 4 6318 3205 9364 6363 
1 6 11221 9268 11279 6237 9315 6318 
1 5 11293 7377 285 11237 7394 
1 3 7394 9284 6313 
1 5 6313 9310 303 3342 11293 
1 4 6313 13622 3396 9303 
1 4 11293 3359 3242 3379 
1 4 9303 9255 11371 337 
1 4 3359 11303 385 337 
1 3 3379 3242 385 
1 3 962 6959 6906 
1 4 6906 9896 6817 3873 
1 4 3873 6966 6812 9764 
1 3 10024 4098 962 
1 4 9979 7153 10094 7183 
1 2 7153 4135 
1 4 7183 1048 13637 4135 
1 5 9979 7068 1176 11956 12038 
1 3 7183 1178 875 
1 4 875 3871 6896 9778 
1 4 9778 11863 6914 3938 
1 4 6906 3799 3891 3945 
1 4 3945 6879 3858 3938 
1 5 3938 3794 9800 9846 11825 
1 6 11825 4024 3920 6746 9699 6749 
1 4 11825 918 920 3725 
1 6 3725 11840 11677 11692 6955 758 
1 6 6749 11707 9719 6764 3761 758 
1 7 740 3735 11852 885 9870 6936 11825 
1 5 3816 6878 6903 3902 11852 
1 3 3816 3954 6966 
1 6 3858 6993 9785 11766 813 3816 
1 4 740 6756 3737 743 
1 4 9737 6777 9710 743 
1 4 3816 6901 9842 11838 
1 4 9764 9797 872 897 
1 3 9764 854 6927 
1 4 6927 9824 9853 3946 
1 5 11805 970 980 3866 3790 
1 3 11805 924 3798 
1 3 3798 6924 9817 
1 2 3790 6880 
1 3 3798 11885 3926 
1 3 6924 889 845 
1 4 970 9869 3846 9819 
1 5 12100 7215 4199 12087 9945 
1 4 11773 11874 11755 9863 
1 6 12674 13564 13572 13566 13571 13584 
1 3 13572 13580 13589 
1 3 947 3851 11811 
1 4 11811 904 11866 11883 
1 5 11883 979 3982 3967 6995 
1 4 6995 11881 11894 975 
1 5 975 9932 3714 11753 3653 
1 6 11784 11747 804 11844 3807 921 
1 5 804 11839 11826 919 3903 
1 5 921 12866 3921 3890 6965 
1 5 12473 1088 10087 1108 792 
1 3 792 1065 7107 
1 4 792 4111 4486 1544 
1 3 1108 11919 7513 
1 5 12473 13741 3942 2013 13743 
1 5 4512 13745 12318 864 6935 
1 5 10472 6991 6976 9886 9932 
1 4 3653 10403 13671 10472 
1 4 1005 1122 4127 4008 
1 4 4008 7026 4124 10056 
1 2 12029 12473 
1 4 1005 1119 12096 10122 
1 2 10007 10122 
1 5 4112 7130 10038 9941 10122 
1 3 4112 11848 9799 
1 4 9799 11778 11867 947 
1 10 11248 269 9376 3257 11363 376 3371 11309 9286 9258 
1 5 9286 324 11373 6337 392 
1 5 324 3269 3334 6357 9307 
1 4 9307 11356 11243 6338 
1 2 11356 9259 
1 8 11373 286 3196 3246 6394 9365 9243 11225 
1 3 9258 11269 11240 
1 3 11240 257 3196 
1 2 6380 301 
1 11 301 3290 11330 350 283 3275 3339 6362 9360 6299 11375 
1 4 3339 214 6316 378 
1 5 378 11338 346 252 121 
1 6 11375 6327 3352 6374 3197 3334 
1 7 6380 6283 11236 6346 9345 11205 121 
1 6 3335 3226 6305 11336 3210 306 
1 10 6380 3391 3327 401 11384 3279 9399 6387 3362 306 
1 3 11349 6303 3279 
1 5 3279 11254 11369 11300 382 
1 3 306 11290 11241 
1 4 306 223 6354 3331 
1 4 3331 11322 294 11370 
1 5 11370 277 6340 13739 3320 
1 3 525 489 3568 
1 3 3568 546 9288 
1 4 9288 6344 3378 9289 
1 4 9289 3331 13380 11241 
1 4 525 504 550 11514 
1 4 511 6578 11397 418 
1 9 3686 6704 6724 3722 568 9712 767 6596 11405 
1 3 6724 705 11649 
1 3 6724 9677 9680 
1 3 3755 574 11546 
1 2 11405 11437 
1 6 11437 9463 9479 3508 3531 418 
1 4 511 11504 6495 9491 
1 3 9463 6507 6495 
1 4 413 3527 510 6494 
1 6 6494 6591 3540 11476 11459 11450 
1 3 11450 11418 9417 
1 3 9417 9430 6445 
1 3 6420 3421 6474 
1 3 6445 6493 6474 
1 3 6474 6505 9461 
1 4 9461 9488 3519 11476 
1 7 418 9556 6554 9531 11487 6519 9461 
1 4 6474 6505 3479 6519 
1 7 9258 11393 11335 11308 6450 3578 11523 
1 3 11523 499 6601 
1 5 9753 6620 11429 9455 6486 
1 6 6486 6525 545 3406 6479 499 
1 7 11418 484 509 3489 9474 6527 3529 
1 5 3529 9504 533 11501 9540 
1 8 11225 11377 11256 227 12172 3289 273 1278 
1 10 9214 6124 272 359 3363 6288 12203 7346 11352 7375 
1 6 6338 260 9336 3251 3300 6388 
1 3 6388 6278 6217 
1 5 11225 11377 3216 3385 6379 
1 3 6379 10299 12128 
1 4 9292 10213 12229 10284 
1 5 1821 10133 12287 1233 9292 
1 4 1821 307 12102 1387 
1 6 9292 12157 10329 10142 12117 1278 
1 3 9417 585 3587 
1 4 719 3760 3734 3752 
1 3 3752 765 9744 
1 2 9744 585 
1 8 6794 3777 6796 3779 9742 6781 6768 3734 
1 3 3734 11729 6741 
1 2 765 6783 
1 3 6738 3717 3698 
1 3 719 717 3698 
1 6 3698 9663 11647 11617 11599 772 
1 2 772 3653 
1 4 772 3658 6671 1599 
1 3 6738 735 11696 
1 11 3587 6781 9726 11696 6753 731 6733 9647 3672 683 6730 
1 3 3672 6689 3668 
1 2 9647 9628 
1 2 6718 731 
1 4 12320 13724 12380 1599 
1 3 10472 12441 13724 
1 6 3668 4463 7624 4458 7495 7661 
1 4 1599 12309 1539 11674 
1 6 11674 11645 4477 4614 1536 7661 
1 4 1599 4534 11609 9628 
1 5 11537 566 11433 9420 12128 
1 2 12128 3563 
1 3 12640 7706 12583 
1 3 9605 1573 10671 
1 4 10671 1919 11687 1459 
1 4 9605 10742 4482 7560 
1 3 7560 7491 12333 
1 5 12333 10510 10359 7563 7477 
1 4 12333 8099 7618 12465 
1 4 7563 7635 1493 12465 
1 7 3618 11455 11469 11524 6491 11473 11537 
1 10 3563 4322 7438 7370 10253 12294 1314 4227 4374 4300 
1 9 4300 7243 7600 7657 12329 7597 12397 12340 12640 
1 3 1459 10660 12640 
1 4 1459 10488 12581 2058 
1 4 9605 1632 7639 10671 
1 2 1632 756 
1 4 1387 4824 4754 1880 
1 8 1387 7846 9512 10670 10600 12652 1709 10696 
1 5 7708 10202 12616 12546 10696 
1 5 7708 4661 12594 7890 1864 
1 6 10696 12679 1733 1860 7825 7274 
1 3 1794 4734 7274 
1 2 1794 1779 
1 4 1794 7680 7890 1864 
1 8 4724 7815 7886 4793 4789 12536 4866 7274 
1 3 4724 12691 12621 
1 4 4690 12563 10639 4724 
1 6 12621 1876 1813 10549 10661 12540 
1 3 12540 7838 1727 
1 2 7789 12536 
1 4 1727 4797 10543 4837 
1 3 4837 10528 7835 
1 2 7835 7816 
1 5 7835 1696 4705 7751 12641 
1 5 1727 12525 1707 10596 7828 
1 5 10583 7759 10654 4737 7828 
1 2 10583 1666 
1 4 12641 10574 12556 4832 
1 5 4832 12543 7851 10678 12657 
1 2 12657 7763 
1 3 12657 1739 12654 
1 2 12654 4725 
1 7 4725 10655 7801 10722 7672 4805 12189 
1 9 12189 10466 11643 6686 664 6684 11750 6989 957 
1 4 12189 7266 3963 12136 
1 4 12136 1343 7249 4841 
1 3 4841 7868 12559 
1 3 957 6961 9926 
1 8 12412 10433 12355 12482 6811 783 3977 957 
1 12 12412 7652 7582 4506 12485 4876 10638 4745 12690 4792 7786 12641 
1 10 11159 2994 6172 11153 11059 70 9197 11068 79 6174 
1 9 9131 9199 75 72 9130 3130 11171 312 3338 
1 6 121 11166 9188 6143 11107 9131 
1 9 11159 9118 6094 11092 155 11175 6021 94 9195 
1 10 9195 3189 86 3008 9162 3121 6181 9201 11117 3134 
1 12 121 3220 3190 6215 3091 6180 9200 11075 9180 3167 6089 9214 
1 7 6124 6171 9114 11025 3102 186 7330 
1 6 7375 11228 237 4758 12567 1821 
1 11 6278 7403 7431 7416 10286 10314 361 3280 7320 10133 1821 
1 3 4411 7429 12229 
1 4 4411 7281 4215 4261 
1 5 6380 3259 344 9256 6245 
1 3 11068 79 6174 
1 6 11202 11097 3053 6139 11032 6174 
1 4 11349 9343 3215 333 
1 10 3101 187 110 8 9212 320 9319 11392 11097 11202 
1 6 6380 6414 9348 6290 6396 6262 
1 5 6262 3292 11242 11368 9355 
1 4 9355 9328 9260 3580 
1 4 9355 9384 6411 3335 
1 6 413 6477 9579 3554 457 3580 
1 10 6477 3318 6398 6230 6279 9313 9266 9395 9282 9348 
1 6 418 9449 6517 9518 558 3580 
1 7 11248 11379 11268 9282 9348 6414 6380 
1 4 6262 11347 3236 382 
1 9 3152 11426 11127 11443 4640 104 11186 11080 6174 
1 5 6174 3151 3060 9100 9206 
1 3 11105 6144 9167 
1 7 9167 67 9073 9183 11056 6082 9206 
1 2 9167 3137 
1 2 3137 3025 
1 4 3083 9094 32 3025 
1 4 3025 3119 9166 6198 
1 5 3122 6013 9038 6138 3119 
1 4 6198 9156 195 11121 
1 5 11121 158 11081 11164 11125 
1 5 11141 136 3013 165 9183 
1 5 11141 9104 3125 9106 9233 
1 5 9166 11144 9219 6078 11141 
1 3 9206 11162 52 
1 5 52 3050 6150 3187 6052 
1 6 6052 3133 9181 6210 3185 6146 
1 8 3140 6131 11093 39 11084 3176 6022 6245 
1 6 3140 11174 6095 3072 79 6174 
1 2 117 3072 
1 2 3101 3176 
1 2 333 3176 
1 10 6506 3518 6563 3539 544 6587 471 11296 11351 11381 
1 5 11248 11294 314 9245 11381 
1 7 3529 9504 3582 579 487 9502 11512 
1 2 11512 544 
1 5 413 9448 6553 9529 11512 
1 10 9292 1327 1292 1775 1294 12521 7874 10568 1709 10696 
1 9 1591 4845 10619 12529 10680 7784 4674 12564 1864 
1 3 12595 1777 4724 
1 7 488 458 434 6597 11703 9698 11670 
1 2 11546 6597 
1 4 488 11454 3494 525 
1 2 488 9491 
1 6 9340 9240 9501 308 6408 9221 
1 5 9221 6178 6381 496 3152 
1 4 9221 592 415 11202 
1 7 310 6459 3219 6326 6249 323 11241 
1 6 310 341 222 319 415 11202 
1 5 310 7482 11222 10323 9340 
1 6 3320 13739 11342 11226 11358 310 
1 3 3320 9295 9404 
1 6 9404 9357 6229 9483 3354 9262 
1 3 6342 11246 9262 
1 3 6342 265 9340 
1 4 9359 9236 11216 11370 
1 4 11370 216 386 331 
1 5 331 6373 6319 9249 9288 
1 7 9570 552 6595 3572 9496 11505 6521 
1 7 6559 9471 3535 9560 11545 3499 6521 
1 4 6521 3499 9456 3522 
1 4 3522 9375 526 6377 
1 3 6377 3271 3326 
1 9 587 6570 6469 495 6535 9509 405 3395 6377 
1 6 6521 375 11219 9294 9320 9347 
1 3 9320 11331 6389 
1 4 6282 3207 11444 6521 
1 4 6570 529 6444 6488 
1 5 9517 3530 6568 589 6488 
1 5 9503 549 3558 11560 6488 
1 5 11544 9416 11404 9441 3535 
1 5 692 3705 6540 561 11544 
1 4 11666 6690 9648 13575 
1 4 11666 3700 6720 9676 
1 5 11666 6739 3718 557 3569 
1 3 6418 6440 11542 
1 5 11542 9429 583 3553 3569 
1 3 3569 11511 6576 
1 5 583 421 3414 3583 9567 
1 3 11531 11547 11560 
1 5 6560 6598 516 13661 11519 
1 2 13661 13081 
1 4 6560 13659 6446 575 
1 3 11516 3629 11531 
1 4 587 3547 3488 6583 
1 3 11519 6537 3488 
1 4 564 6513 11402 526 
1 4 564 6549 3397 6488 
1 5 11360 241 11264 11233 6535 
1 4 9347 6298 6263 6377 
1 4 3326 6349 6325 9347 
1 3 11360 241 3326 
1 4 3532 11478 3473 9496 
1 4 11467 9457 6512 9570 
1 3 9508 493 11515 
1 3 9508 11492 3544 
1 4 11515 17 6558 3532 
1 5 11372 9361 9334 6334 6282 
1 4 11372 11343 9263 362 
1 3 3320 327 6296 
1 4 6296 6360 3337 3288 
1 3 9262 6314 3288 
1 3 3288 11265 6332 
1 4 6332 6402 3380 362 
1 4 3230 6347 3351 3380 
1 3 3544 6259 3230 
1 3 6558 11232 279 
1 4 279 3324 3380 362 
1 5 9508 11428 3586 13611 9427 
1 4 6484 3521 12562 3544 
1 4 3544 524 402 11274 
1 4 11274 11301 3281 3393 
1 3 3393 9274 3320 
1 3 9427 11413 442 
1 3 442 6499 6522 
1 3 6522 9468 11479 
1 4 6522 3434 6431 6460 
1 4 6460 9425 3743 9548 
1 3 11479 491 11427 
1 3 6559 11432 6440 
1 5 6418 9555 3571 571 11544 
1 4 11666 704 11651 9665 
1 5 3675 688 6708 3703 9665 
1 3 3675 11634 673 
1 3 692 11620 673 
1 4 692 11653 6725 6708 
1 5 11612 13210 6673 653 13575 
1 3 11612 11595 6626 
1 3 11584 628 6626 
1 3 6675 9633 673 
1 3 603 3604 11584 
1 4 6889 11816 3924 3943 
1 5 13826 591 6611 11901 3943 
1 5 13826 11564 3601 3592 11581 
1 5 11581 9611 11594 3627 6647 
1 4 6647 11577 11580 3617 
1 6 11580 11586 11583 6634 9602 11887 
1 6 11887 11868 965 949 3908 3937 
1 3 3937 6923 9862 
1 5 9862 13633 11842 922 9833 
1 4 9833 11829 11811 890 
1 4 890 9806 11784 9901 
1 4 9901 9811 11860 940 
1 5 940 9755 6807 9763 10056 
1 4 10056 11810 11746 806 
1 4 806 3889 12473 9893 
1 5 9893 9823 11871 5004 4512 
1 4 4512 12387 10804 10106 
1 5 10106 1600 3795 12046 2097 
1 4 3617 9621 6700 684 
1 4 684 9660 11663 9676 
1 7 11666 9527 6552 11525 11556 9569 11542 
1 4 9611 3654 9646 13575 
1 4 11586 9599 3984 3939 
1 3 9874 9890 11887 
1 3 976 1109 4109 
1 5 4193 7211 7096 3988 4109 
1 3 11965 4078 7096 
1 4 9805 9916 11895 976 
1 4 976 863 6930 3844 
1 3 3844 10163 11818 
1 5 949 13635 907 3882 9874 
1 4 9783 649 9612 9610 
1 5 9610 3796 793 965 949 
1 4 9783 11597 657 9635 
1 3 9862 878 11905 
1 5 907 6886 13634 3526 11818 
1 4 6889 9809 9780 9914 
1 7 819 955 851 3968 9856 9784 11837 
1 5 3968 10027 3901 12066 9990 
1 5 10074 3857 1156 4159 9990 
1 2 4159 4014 
1 5 4014 1009 7147 7059 10074 
1 5 819 9826 923 11882 3910 
1 7 9784 6843 883 6939 3966 3923 923 
1 3 6780 770 9909 
1 4 9909 11891 3772 6788 
1 4 6788 6973 6946 11833 
1 3 3780 3773 6788 
1 4 3780 776 3782 6780 
1 5 6606 11734 3776 773 3780 
1 5 782 6606 9752 6790 3773 
1 4 782 9924 967 925 
1 3 9907 910 11833 
1 3 9907 11889 9924 
1 5 9904 9794 6926 11790 925 
1 5 9904 11751 6862 6875 11833 
1 2 9904 11846 
1 4 782 6793 9582 11584 
1 4 603 3776 773 3780 
1 3 6675 9598 3604 
1 3 3780 9584 9600 
1 3 6780 611 3612 
1 3 9620 9638 663 
1 4 9620 13550 11590 6666 
1 2 11590 3612 
1 4 663 11601 3641 9600 
1 3 6680 6678 9633 
1 5 9517 11486 694 3679 663 
1 3 11531 9575 6583 
1 5 11544 9572 11417 3397 6488 
1 6 3320 9295 11498 9246 9374 265 
1 4 6576 3484 11522 3537 
1 4 9660 9690 6561 3537 
1 6 9660 716 3731 6751 6573 3581 
1 4 684 11646 9656 6682 
1 5 3731 3713 730 11659 3696 
1 3 6573 3565 11691 
1 3 11691 9706 10104 
1 4 6682 646 9606 11592 
1 3 10104 746 11676 
1 3 11691 11536 6460 
1 3 3581 417 11413 
1 5 3537 581 11554 9412 9427 
1 2 9606 614 
1 3 3696 3709 6711 
1 4 9611 3670 9624 11610 
1 4 11610 3680 6703 9660 
1 5 11506 6585 11420 9500 11548 
1 5 9434 11563 6569 9534 11506 
1 5 6449 3579 11535 6599 9434 
1 4 3552 6572 9525 11508 
1 3 11508 9550 3579 
1 3 11465 9510 6536 
1 3 6536 542 3552 
1 3 11465 527 9550 
1 4 11506 9523 9507 512 
1 3 9478 9492 512 
1 3 9478 503 11465 
1 4 9737 11565 9597 6657 
1 4 6657 11600 11616 11465 
1 5 9737 9717 6759 3740 11699 
1 4 11506 11518 11549 13011 
1 4 13011 13665 6545 5291 
1 4 9523 9725 3506 9490 
1 3 9490 3669 3652 
1 4 512 3493 6688 3655 
1 4 620 3626 6651 3655 
1 4 3655 6644 9607 9748 
1 4 11794 648 11628 3669 
1 3 11794 6613 6786 
1 4 6786 11716 9728 11877 
1 4 11877 11849 11834 911 
1 4 6613 3589 6784 3768 
1 5 3768 9736 3961 956 911 
1 4 11877 9898 6960 3946 
1 4 3946 6917 943 6766 
1 4 11699 929 3749 6766 
1 3 9748 3770 6786 
1 4 620 625 11582 9597 
1 4 3652 9658 9505 6545 
1 4 11794 641 6668 3646 
1 4 9503 6529 678 9638 
1 3 11531 549 9503 
1 4 9347 9320 11305 321 
1 3 321 293 268 
1 4 268 3367 375 6521 
1 5 6282 349 3340 9388 321 
1 4 6389 317 11366 332 
1 4 6287 6393 3260 3325 
1 5 3325 3277 6364 6235 394 
1 2 332 3277 
1 4 9279 11376 6120 11160 
1 5 11160 11327 11215 329 299 
1 4 299 3229 11390 11380 
1 4 11380 11082 161 6050 
1 4 6050 9149 3182 11091 
1 4 11091 3045 11147 11040 
1 6 11040 9151 205 130 9088 182 
1 5 9108 6083 9143 11201 6132 
1 3 182 3113 6132 
1 5 11380 9308 9209 6188 3063 
1 4 383 295 3375 3063 
1 3 383 3307 6412 
1 4 6412 9362 6345 9279 
1 3 383 6310 171 
1 4 171 11151 3171 6115 
1 2 6345 6287 
1 4 9296 11176 9096 6151 
1 4 6151 9174 14 6115 
1 4 9296 11367 6176 53 
1 6 122 6145 65 3192 137 53 
1 5 6115 9103 9157 11135 9135 
1 5 9135 9227 11206 6118 3022 
1 5 3022 6038 9132 107 6041 
1 5 6041 6187 3126 3088 3048 
1 4 3048 6071 6214 9126 
1 5 192 3034 3132 38 9126 
1 8 122 3114 3188 6216 6204 3093 6114 11206 
1 5 9783 9919 9902 922 9833 
1 5 9617 3636 3639 637 6652 
1 4 9617 674 11636 6706 
1 4 6706 6729 6747 9716 
1 3 6706 3724 3707 
1 3 3724 9683 6727 
1 3 9617 3663 11619 
1 4 6983 6619 3596 3592 
1 3 391 3314 6336 
1 5 6336 9335 11318 336 11360 
1 4 391 13544 3211 9498 
1 4 13544 11456 6496 6500 
1 4 6500 11562 9522 587 
1 4 6598 11419 3262 9498 
1 5 9914 10245 3884 914 9805 
1 4 3939 3922 6913 9809 
1 2 6484 9452 
1 4 9452 3559 13546 6522 
1 4 6103 11333 13070 3501 
1 4 6103 11333 507 9458 
1 3 3369 11471 507 
1 5 11471 6351 3422 3463 540 
1 3 3369 6378 377 
1 3 377 407 11361 
1 4 6103 11374 221 271 
1 2 271 322 
1 3 3369 7239 9297 
1 3 6103 11221 296 
1 5 296 9322 3353 9250 11297 
1 4 6384 6318 11345 9297 
1 4 6318 9379 9269 11297 
1 4 9379 9332 11270 351 
1 4 9392 11378 11299 351 
1 4 6318 6335 6399 11332 
1 5 9392 9383 6300 3150 11136 
1 6 11332 11218 6320 6395 3273 9383 
1 5 6395 6385 11161 6046 6104 
1 3 11136 11207 9161 
1 4 6318 3205 9364 6363 
1 6 11221 9268 11279 6237 9315 6318 
1 5 11293 7377 285 11237 7394 
1 3 7394 9284 6313 
1 5 6313 9310 303 3342 11293 
1 4 6313 13622 3396 9303 
1 4 11293 3359 3242 3379 
1 4 9303 9255 11371 337 
1 4 3359 11303 385 337 
1 3 3379 3242 385 
1 3 962 6959 6906 
1 4 6906 9896 6817 3873 
1 4 3873 6966 6812 9764 
1 3 10024 4098 962 
1 4 9979 7153 10094 7183 
1 2 7153 4135 
1 4 7183 1048 13637 4135 
1 5 9979 7068 1176 11956 12038 
1 3 7183 1178 875 
1 4 875 3871 6896 9778 
1 4 9778 11863 6914 3938 
1 4 6906 3799 3891 3945 
1 4 3945 6879 3858 3938 
1 5 3938 3794 9800 9846 11825 
1 6 11825 4024 3920 6746 9699 6749 
1 4 11825 918 920 3725 
1 6 3725 11840 11677 11692 6955 758 
1 6 6749 11707 9719 6764 3761 758 
1 7 740 3735 11852 885 9870 6936 11825 
1 5 3816 6878 6903 3902 11852 
1 3 3816 3954 6966 
1 6 3858 6993 9785 11766 813 3816 
1 4 740 6756 3737 743 
1 4 9737 6777 9710 743 
1 4 3816 6901 9842 11838 
1 4 9764 9797 872 897 
1 3 9764 854 6927 
1 4 6927 9824 9853 3946 
1 5 11805 970 980 3866 3790 
1 3 11805 924 3798 
1 3 3798 6924 9817 
1 2 3790 6880 
1 3 3798 11885 3926 
1 3 6924 889 845 
1 4 970 9869 3846 9819 
1 5 12100 7215 4199 12087 9945 
1 4 11773 11874 11755 9863 
1 6 12674 13564 13572 13566 13571 13584 
1 3 13572 13580 13589 
1 3 947 3851 11811 
1 4 11811 904 11866 11883 
1 5 11883 979 3982 3967 6995 
1 4 6995 11881 11894 975 
1 5 975 9932 3714 11753 3653 
1 6 11784 11747 804 11844 3807 921 
1 5 804 11839 11826 919 3903 
1 5 921 12866 3921 3890 6965 
1 5 12473 1088 10087 1108 792 
1 3 792 1065 7107 
1 4 792 4111 4486 1544 
1 3 1108 11919 7513 
1 5 12473 13741 3942 2013 13743 
1 5 4512 13745 12318 864 6935 
1 5 10472 6991 6976 9886 9932 
1 4 3653 10403 13671 10472 
1 4 1005 1122 4127 4008 
1 4 4008 7026 4124 10056 
1 2 12029 12473 
1 4 1005 1119 12096 10122 
1 2 10007 10122 
1 5 4112 7130 10038 9941 10122 
1 3 4112 11848 9799 
1 4 9799 11778 11867 947 
1 10 11248 269 9376 3257 11363 376 3371 11309 9286 9258 
1 5 9286 324 11373 6337 392 
1 5 324 3269 3334 6357 9307 
1 4 9307 11356 11243 6338 
1 2 11356 9259 
1 8 11373 286 3196 3246 6394 9365 9243 11225 
1 3 9258 11269 11240 
1 3 11240 257 3196 
1 2 6380 301 
1 11 301 3290 11330 350 283 3275 3339 6362 9360 6299 11375 
1 4 3339 214 6316 378 
1 5 378 11338 346 252 121 
1 6 11375 6327 3352 6374 3197 3334 
1 7 6380 6283 11236 6346 9345 11205 121 
1 6 3335 3226 6305 11336 3210 306 
1 10 6380 3391 3327 401 11384 3279 9399 6387 3362 306 
1 3 11349 6303 3279 
1 5 3279 11254 11369 11300 382 
1 3 306 11290 11241 
1 4 306 223 6354 3331 
1 4 3331 11322 294 11370 
1 5 11370 277 6340 13739 3320 
1 3 525 489 3568 
1 3 3568 546 9288 
1 4 9288 6344 3378 9289 
1 4 9289 3331 13380 11241 
1 4 525 504 550 11514 
1 4 511 6578 11397 418 
1 9 3686 6704 6724 3722 568 9712 767 6596 11405 
1 3 6724 705 11649 
1 3 6724 9677 9680 
1 3 3755 574 11546 
1 2 11405 11437 
1 6 11437 9463 9479 3508 3531 418 
1 4 511 11504 6495 9491 
1 3 9463 6507 6495 
1 4 413 3527 510 6494 
1 6 6494 6591 3540 11476 11459 11450 
1 3 11450 11418 9417 
1 3 9417 9430 6445 
1 3 6420 3421 6474 
1 3 6445 6493 6474 
1 3 6474 6505 9461 
1 4 9461 9488 3519 11476 
1 7 418 9556 6554 9531 11487 6519 9461 
1 4 6474 6505 3479 6519 
1 7 9258 11393 11335 11308 6450 3578 11523 
1 3 11523 499 6601 
1 5 9753 6620 11429 9455 6486 
1 6 6486 6525 545 3406 6479 499 
1 7 11418 484 509 3489 9474 6527 3529 
1 5 3529 9504 533 11501 9540 
1 8 11225 11377 11256 227 12172 3289 273 1278 
1 10 9214 6124 272 359 3363 6288 12203 7346 11352 7375 
1 6 6338 260 9336 3251 3300 6388 
1 3 6388 6278 6217 
1 5 11225 11377 3216 3385 6379 
1 3 6379 10299 12128 
1 4 9292 10213 12229 10284 
1 5 1821 10133 12287 1233 9292 
1 4 1821 307 12102 1387 
1 6 9292 12157 10329 10142 12117 1278 
1 3 9417 585 3587 
1 4 719 3760 3734 3752 
1 3 3752 765 9744 
1 2 9744 585 
1 8 6794 3777 6796 3779 9742 6781 6768 3734 
1 3 3734 11729 6741 
1 2 765 6783 
1 3 6738 3717 3698 
1 3 719 717 3698 
1 6 3698 9663 11647 11617 11599 772 
1 2 772 3653 
1 4 772 3658 6671 1599 
1 3 6738 735 11696 
1 11 3587 6781 9726 11696 6753 731 6733 9647 3672 683 6730 
1 3 3672 6689 3668 
1 2 9647 9628 
1 2 6718 731 
1 4 12320 13724 12380 1599 
1 3 10472 12441 13724 
1 6 3668 4463 7624 4458 7495 7661 
1 4 1599 12309 1539 11674 
1 6 11674 11645 4477 4614 1536 7661 
1 4 1599 4534 11609 9628 
1 5 11537 566 11433 9420 12128 
1 2 12128 3563 
1 3 12640 7706 12583 
1 3 9605 1573 10671 
1 4 10671 1919 11687 1459 
1 4 9605 10742 4482 7560 
1 3 7560 7491 12333 
1 5 12333 10510 10359 7563 7477 
1 4 12333 8099 7618 12465 
1 4 7563 7635 1493 12465 
1 7 3618 11455 11469 11524 6491 11473 11537 
1 10 3563 4322 7438 7370 10253 12294 1314 4227 4374 4300 
1 9 4300 7243 7600 7657 12329 7597 12397 12340 12640 
1 3 1459 10660 12640 
1 4 1459 10488 12581 2058 
1 4 9605 1632 7639 10671 
1 2 1632 756 
1 4 1387 4824 4754 1880 
1 8 1387 7846 9512 10670 10600 12652 1709 10696 
1 5 7708 10202 12616 12546 10696 
1 5 7708 4661 12594 7890 1864 
1 6 10696 12679 1733 1860 7825 7274 
1 3 1794 4734 7274 
1 2 1794 1779 
1 4 1794 7680 7890 1864 
1 8 4724 7815 7886 4793 4789 12536 4866 7274 
1 3 4724 12691 12621 
1 4 4690 12563 10639 4724 
1 6 12621 1876 1813 10549 10661 12540 
1 3 12540 7838 1727 
1 2 7789 12536 
1 4 1727 4797 10543 4837 
1 3 4837 10528 7835 
1 2 7835 7816 
1 5 7835 1696 4705 7751 12641 
1 5 1727 12525 1707 10596 7828 
1 5 10583 7759 10654 4737 7828 
1 2 10583 1666 
1 4 12641 10574 12556 4832 
1 5 4832 12543 7851 10678 12657 
1 2 12657 7763 
1 3 12657 1739 12654 
1 2 12654 4725 
1 7 4725 10655 7801 10722 7672 4805 12189 
1 9 12189 10466 11643 6686 664 6684 11750 6989 957 
1 4 12189 7266 3963 12136 
1 4 12136 1343 7249 4841 
1 3 4841 7868 12559 
1 3 957 6961 9926 
1 8 12412 10433 12355 12482 6811 783 3977 957 
1 12 12412 7652 7582 4506 12485 4876 10638 4745 12690 4792 7786 12641 
1 10 11159 2994 6172 11153 11059 70 9197 11068 79 6174 
1 9 9131 9199 75 72 9130 3130 11171 312 3338 
1 6 121 11166 9188 6143 11107 9131 
1 9 11159 9118 6094 11092 155 11175 6021 94 9195 
1 10 9195 3189 86 3008 9162 3121 6181 9201 11117 3134 
1 12 121 3220 3190 6215 3091 6180 9200 11075 9180 3167 6089 9214 
1 7 6124 6171 9114 11025 3102 186 7330 
1 6 7375 11228 237 4758 12567 1821 
1 11 6278 7403 7431 7416 10286 10314 361 3280 7320 10133 1821 
1 3 4411 7429 12229 
1 4 4411 7281 4215 4261 
1 5 6380 3259 344 9256 6245 
1 3 11068 79 6174 
1 6 11202 11097 3053 6139 11032 6174 
1 4 11349 9343 3215 333 
1 10 3101 187 110 8 9212 320 9319 11392 11097 11202 
1 6 6380 6414 9348 6290 6396 6262 
1 5 6262 3292 11242 11368 9355 
1 4 9355 9328 9260 3580 
1 4 9355 9384 6411 3335 
1 6 413 6477 9579 3554 457 3580 
1 10 6477 3318 6398 6230 6279 9313 9266 9395 9282 9348 
1 6 418 9449 6517 9518 558 3580 
1 7 11248 11379 11268 9282 9348 6414 6380 
1 4 6262 11347 3236 382 
1 9 3152 11426 11127 11443 4640 104 11186 11080 6174 
1 5 6174 3151 3060 9100 9206 
1 3 11105 6144 9167 
1 7 9167 67 9073 9183 11056 6082 9206 
1 2 9167 3137 
1 2 3137 3025 
1 4 3083 9094 32 3025 
1 4 3025 3119 9166 6198 
1 5 3122 6013 9038 6138 3119 
1 4 6198 9156 195 11121 
1 5 11121 158 11081 11164 11125 
1 5 11141 136 3013 165 9183 
1 5 11141 9104 3125 9106 9233 
1 5 9166 11144 9219 6078 11141 
1 3 9206 11162 52 
1 5 52 3050 6150 3187 6052 
1 6 6052 3133 9181 6210 3185 6146 
1 8 3140 6131 11093 39 11084 3176 6022 6245 
1 6 3140 11174 6095 3072 79 6174 
1 2 117 3072 
1 2 3101 3176 
1 2 333 3176 
1 10 6506 3518 6563 3539 544 6587 471 11296 11351 11381 
1 5 11248 11294 314 9245 11381 
1 7 3529 9504 3582 579 487 9502 11512 
1 2 11512 544 
1 5 413 9448 6553 9529 11512 
1 10 9292 1327 1292 1775 1294 12521 7874 10568 1709 10696 
1 9 1591 4845 10619 12529 10680 7784 4674 12564 1864 
1 3 12595 1777 4724 
1 7 488 458 434 6597 11703 9698 11670 
1 2 11546 6597 
1 4 488 11454 3494 525 
1 2 488 9491 
1 6 9340 9240 9501 308 6408 9221 
1 5 9221 6178 6381 496 3152 
1 4 9221 592 415 11202 
1 7 310 6459 3219 6326 6249 323 11241 
1 6 310 341 222 319 415 11202 
1 5 310 7482 11222 10323 9340 
1 6 3320 13739 11342 11226 11358 310 
1 3 3320 9295 9404 
1 6 9404 9357 6229 9483 3354 9262 
1 3 6342 11246 9262 
1 3 6342 265 9340 
1 4 9359 9236 11216 11370 
1 4 11370 216 386 331 
1 5 331 6373 6319 9249 9288 
1 21 3957 6984 13628 6845 11782 6882 3878 9847 6909 11830 9832 3906 6732 3712 3732 7462 12459 1338 1619 4342 12289 
1 25 3957 873 3823 11841 11738 788 9876 6943 4168 1132 1019 11927 10047 7202 1547 11975 1480 12381 1572 12439 1584 7388 12752 1913 1843 
1 19 7202 1547 10465 7118 638 12384 9996 4594 12735 7422 492 11942 10352 10520 7480 7668 4464 7524 1453 
1 13 7552 1453 4535 4507 12313 1500 10337 12410 4884 1927 12782 6798 7836 
1 25 7552 1453 10449 4565 12429 4622 7422 12735 12803 5059 10281 12501 12670 6974 6696 1445 4452 7547 6971 7588 7466 1506 10412 11841 3823 
1 34 9450 9682 10461 720 12497 10457 12305 4569 1621 1441 12361 10717 7834 1352 7892 1753 10532 4871 12570 12642 1827 1658 6887 1756 4668 4865 10651 7756 1862 4736 10422 11698 710 9713 
1 9 4607 4521 12425 4799 11814 4727 7986 12374 1562 
1 2 1562 13493 
1 47 1562 7517 11757 9814 11859 6881 986 3840 9637 9671 3678 6699 9713 11658 677 6681 6757 9730 610 3644 505 11495 12281 4328 3513 12211 10183 10271 7386 7442 7315 12214 10327 1690 12124 12676 1854 7779 1736 10602 7845 9616 7721 10625 1862 4736 10422 
1 15 11800 4442 6890 9825 3685 11656 6710 6769 6782 11714 11685 11641 9654 6713 9450 
1 7 11789 3850 847 9804 11785 6869 6845 
1 10 6732 3710 908 9850 6911 9673 1436 9708 3747 3733 
1 6 6845 11799 891 706 9774 9673 
1 6 734 11654 6707 9662 6899 11800 
1 2 3733 734 
1 16 1736 4741 1851 7760 10587 1747 3750 12620 12667 12577 7536 4807 1866 1719 12550 1734 
1 6 9450 12357 12456 10341 4664 4807 
1 15 11814 1793 853 7747 4796 10914 1972 12552 4975 8070 12720 1998 8064 12875 7836 
1 10 7836 7981 3960 10778 4577 12401 7555 1559 10410 4565 
1 10 3960 2082 11743 9822 10798 11802 7904 4740 4811 1352 
1 11 4565 10410 10355 7543 12489 4444 1646 7797 10615 10824 12501 
1 6 9616 7721 4826 1414 4274 4328 
1 8 6696 4527 4601 9775 6855 3853 6874 6890 
1 7 4527 1595 7551 9810 870 9653 9654 
1 7 13203 10707 4848 13091 10679 12661 10694 
1 2 13069 13091 
1 12 7652 4503 930 1638 3877 9927 6852 11855 3881 814 3830 6969 
1 9 9927 6893 6951 11815 9781 892 964 3783 1150 
1 16 6969 9843 4140 12026 7109 4032 7092 11962 7160 1069 4037 7055 4181 1124 9971 1029 
1 4 12026 6828 1137 12432 
1 3 1069 10102 4089 
1 4 4089 12074 7089 10000 
1 12 7092 9987 11933 7129 7656 10364 12012 7568 7580 9934 7625 4130 
1 2 10446 7580 
1 2 7167 7625 
1 2 12467 4130 
1 2 4619 7167 
1 13 4037 10043 7025 12055 1121 1161 1001 4148 4001 1089 10076 12052 7014 
1 2 1089 4091 
1 2 4091 11928 
1 6 4130 12086 7434 7101 10517 7097 
1 4 4379 1302 7280 12297 
1 4 4119 4075 12048 7015 
1 13 7015 9948 4121 4177 7137 10050 12023 11983 1131 1087 1187 7152 1047 
1 7 7097 12483 7502 7159 11918 9970 1120 
1 3 1001 10008 7222 
1 3 4888 2022 1630 
1 7 10438 12264 12195 12224 7408 7225 4433 
1 5 7408 10250 10221 12173 10411 
1 12 12299 4424 7427 4412 10297 1376 12215 13543 7342 1291 12144 7236 
1 5 7342 1291 4297 1279 7329 
1 3 8063 1082 10920 
1 3 1492 7469 10920 
1 7 1330 10154 10283 12256 4626 4585 1492 
1 2 1492 10386 
1 3 1492 7562 1170 
1 5 1330 12127 4293 1253 1488 
1 5 10283 10344 1333 1014 12090 
1 8 9991 7179 10090 1581 1553 1525 12322 1996 
1 5 1525 12395 1497 10443 7565 
1 8 7179 12010 11968 11929 4162 2843 12050 4245 
1 8 4245 4062 4104 1101 10060 11924 7090 7372 
1 11 10255 4237 7297 7340 4321 1430 10152 12180 10278 10149 12164 
1 2 10255 7372 
1 6 12164 10246 12247 1409 7288 7402 
1 4 1409 10274 12275 4344 
1 8 7402 1321 1238 10130 7447 7391 10190 7244 
1 4 1273 12208 7395 7244 
1 7 1273 4291 7250 10799 10259 5104 8087 
1 4 7395 1412 12146 8011 
1 4 8011 12734 1344 10278 
1 6 10259 10296 12779 7310 12180 10278 
1 10 4245 4204 1444 10358 12307 4513 12375 10401 5264 4883 
1 4 4883 4950 2105 12080 
1 4 1444 12452 4544 4516 
1 4 7565 7537 10361 4516 
1 5 4245 10077 4644 7662 7565 
1 4 11929 9993 10416 1497 
1 4 12080 8076 7165 9975 
1 5 1273 4395 7232 12269 1349 
1 6 1349 7013 4187 7150 11952 9975 
1 3 9975 7207 10118 
1 8 2105 11995 4953 5096 4045 12137 1377 4299 
1 4 4299 12777 5055 7938 
1 4 7938 4410 8120 10401 
1 4 4299 9973 10751 4516 
1 6 4299 1377 5086 10807 4915 2086 
1 5 2086 2032 10729 12822 12005 
1 10 12005 10066 10843 12792 12718 4984 12886 1199 1103 9975 
1 6 9975 12092 12829 4971 2054 2086 
1 6 12005 10887 12754 10905 1910 2084 
1 6 12792 1971 10735 10813 7847 8044 
1 9 9975 1144 1061 1147 4110 7084 7049 8066 8013 
1 4 12005 9084 8106 4998 
1 6 10000 7105 1104 1200 10018 4205 
1 8 7097 13143 12350 9982 9970 10080 12095 1047 
1 7 10404 1023 12378 9997 12014 10080 1120 
1 3 7965 4559 1319 
1 8 1319 7446 4501 1114 12008 1073 12048 4075 
1 8 10162 7271 12176 7347 4401 1396 1423 12133 
