1 1
1 3544
1 1 
1 1001 
1 1047 
1 1069 
1 1083 
1 1104 
1 1124 
1 1150 
1 1330 
1 1349 
1 1352 
1 1409 
1 1492 
1 1562 
1 1719 
1 1843 
1 2086 
1 3513 
1 3544 
1 3708 
1 3733 
1 3878 
1 3957 
1 4075 
1 4091 
1 4119 
1 4245 
1 4299 
1 4344 
1 4379 
1 4433 
1 4569 
1 4572 
1 4607 
1 4619 
1 4799 
1 4865 
1 4883 
1 4915 
1 5059 
1 6710 
1 6732 
1 6890 
1 7014 
1 7097 
1 7101 
1 7137 
1 7167 
1 7202 
1 7222 
1 7236 
1 7315 
1 7329 
1 7386 
1 7402 
1 7408 
1 7427 
1 7552 
1 7760 
1 7779 
1 7938 
1 8011 
1 8087 
1 9450 
1 9616 
1 9671 
1 9673 
1 9713 
1 9814 
1 9832 
1 9843 
1 9958 
1 9975 
1 10076 
1 10149 
1 10278 
1 10297 
1 10337 
1 10422 
1 10438 
1 10446 
1 10798 
1 10807 
1 11764 
1 11771 
1 11785 
1 11800 
1 11913 
1 11929 
1 11981 
1 12005 
1 12055 
1 12080 
1 12211 
1 12220 
1 12299 
1 12384 
1 12456 
1 12467 
1 12501 
1 12620 
1 12822 
1 13091 
1 13203 
1 13543 
1 13669 
1 13670 
1 13707 
